17649
10584
4023
15595
-2680
-11443
37173
-7621
-1344
38286
-6129
-9918
-17346
4703
-20195
-14298
16903
-6853
-13671
-16559
23425
34260
-25880
-15521
-309
-6392
1163
6267
-7753
22435
11548
-7528
15880
18448
959
10306
54406
-7763
-7454
-1567
585
13624
-5088
11409
14285
19335
-36400
26058
-27461
9660
13848
17773
556
-13842
21683
-1399
3710
-6792
-4412
4266
-14439
17820
894
5727
28267
-31498
-41822
-4171
22366
22974
-28013
-2940
7290
19393
-15774
22420
-69331
-2465
-37433
19471
17490
19084
-25731
9658
2308
2934
-8112
24699
-5439
2820
15354
33181
14370
14649
10165
-14787
23923
-32218
14196
16157
-12542
38407
17498
-3156
-21218
-7366
-11132
29908
18439
35646
37411
-45765
-11731
25736
4833
-48476
-19249
12448
-19193
9244
-1344
-2158
15869
-413
-18207
-3262
13101
-9719
-23696
47406
54282
33261
-12649
-20541
-6977
4266
-5671
-12798
10969
11816
-21996
-19559
-10824
-4458
-2196
-18345
22854
16262
-5335
3253
-45364
20304
38630
2707
-4929
-12129
25100
17054
10481
-2740
4820
-1571
19019
-7258
-1919
11849
29409
-3536
6475
11982
17694
-10617
15733
43526
-17204
-51911
18696
1225
13474
-11059
25680
-27050
7331
-32020
11918
40317
-3072
9941
-32460
-7516
-22291
11281
17970
27815
-24615
-20303
2099
57157
8096
-10584
-21797
26850
1678
-19640
-28998
-6162
-9954
-2825
5764
-24020
-24809
-11696
-5757
-483
-23739
6403
4257
16932
-2500
-3614
-20066
330
-21536
8316
8045
9050
-24180
308
11873
11581
-66369
-15302
30571
-10382
23408
12290
-19913
46910
-16459
-33536
-34404
-9934
3175
29812
7423
-24994
-546
-12073
-9179
48144
-23017
-445
23633
-23077
15260
-6647
2377
13545
11531
-3671
-24924
-8459
134
17012
-34078
415
13414
10826
23405
10373
15883
-4706
9062
-14270
-111
25063
-17463
-36133
-27594
12389
1138
-9368
9286
-14064
-16574
-30532
-20322
2149
16517
-22560
-57752
33394
336
2288
26217
-10063
-19700
-7492
-21849
-42093
-29933
-12904
23414
20680
-5644
-19467
27764
-2357
1703
-74
-21192
31126
-4444
27230
-11245
-10883
-9734
3182
1944
25179
-11596
-11216
17104
15557
-21723
46752
39075
18848
5637
-22352
-28349
-231
-15497
19478
20486
9471
-16859
-4977
-24663
-21874
10592
12868
8482
11961
-37246
-1071
-16168
-8785
24792
-27332
9279
-1501
14960
-15922
4770
15251
-8317
-19483
-22371
-38124
16421
76352
3829
-13276
-1056
-6451
-26054
34499
1523
-10307
-4177
12931
-4765
13906
36334
-22597
1219
35969
-32031
723
-23672
34813
29010
8126
-10933
-15373
4069
-49619
4511
-26716
-5259
42245
-7164
7183
-26463
-2602
7826
20484
13753
15116
7318
-35736
24889
-3667
11041
13585
-8958
-12296
-24287
-15312
5610
8539
-14420
27353
-14770
-4406
-3405
-4643
-13535
10600
-47644
-9878
-11781
33495
-2296
-15205
29639
3811
11347
-17573
31291
-5838
10573
-12565
-68862
3209
8166
6335
-23802
19788
9798
27303
-10020
27208
6374
-11870
9681
-21533
-18284
16270
-8124
19860
-27874
7538
-8223
23098
24173
-11418
-18504
-19210
6751
-26597
-18678
-31109
6238
-44221
-22817
-19297
-22596
-32202
32016
11378
-31298
7561
-29704
-14340
-8742
1326
3934
-18384
35082
-19614
7438
8836
9579
5951
35315
-9858
10470
34318
34324
-1517
28032
15686
-10136
-21406
-9363
2496
24432
15210
-15910
3736
16098
-4985
25862
-43031
2893
16883
17146
16490
1013
16629
789
11892
-13064
-19467
5695
6768
31017
32150
1725
-54732
34343
4
-25505
-21506
11270
-4775
-10335
19816
25211
27815
2177
19650
-17348
-9166
-10882
-26487
-10614
-7105
-7085
-30450
23002
24985
-9668
8162
15152
31448
21919
3729
-10211
16292
4949
-30720
-20998
-9974
3537
37786
-12962
1161
15712
-4229
-42452
-15011
10865
39259
9225
-6426
39557
1575
26598
6688
20210
-30899
-6466
4336
-31669
-16015
38901
35205
-1961
-13880
-7475
-13040
-15546
-19833
9301
13750
-16742
23748
-22688
978
12706
13332
-10755
-44557
-19451
-1487
2880
10951
-5106
5698
1797
2742
9508
994
-62044
2785
7881
2766
27854
11115
-20825
37114
46545
-18172
-18043
-7834
4354
1534
-2467
-13163
36738
16616
-4333
-55665
-22078
-19742
-10512
-35876
24750
29703
6279
24610
9132
26904
7546
-21989
4191
31912
17256
-10590
24502
-14034
6794
5672
7077
7602
-17640
6372
29770
-34835
1586
-5397
-12623
-2066
6393
45916
-8497
-53687
-12620
1576
-8893
-7634
30367
-3107
21664
-13435
-18798
-14414
3228
-20482
-4065
-19171
-20736
9341
-931
-19215
-42755
-23885
19752
1320
16314
8624
917
974
-35520
-6217
-12137
-8203
-551
42055
23229
10334
38613
-4816
39843
-40646
336
2658
-26082
11281
-8975
-3683
-27243
-21299
17503
-12464
31962
21701
33210
7093
31677
-3362
12077
-15159
32817
-19717
-13354
-7840
-16847
-4768
-5831
7075
45681
-16071
-9791
-23943
6856
30314
-9851
15332
11821
-10747
-638
-23527
-16889
18828
3403
26557
7402
-3277
9357
13981
16383
-1034
17258
-5518
-8419
-2766
14340
-26486
7046
-13939
-40792
8336
-7645
8211
4398
9173
17974
27671
13013
-7420
52345
-20730
-1387
6046
-37611
11777
14467
25748
8296
34016
2651
150
12938
-8575
5244
26329
2294
24811
26666
29998
-8424
3604
27131
-9367
46738
19762
18027
21199
-20595
-13861
-17819
27679
-20442
-17340
-4649
12886
-14254
-13652
-16870
-39719
1038
20211
2165
-949
-20597
-45
21152
-12049
16543
-9174
2416
2255
-15262
-5051
-21549
19072
13198
20105
-15601
10411
2327
30727
-11503
-18997
15964
21906
-28627
33903
8608
-17359
54386
-5218
-10570
-25596
9304
-18248
30306
30397
31971
-23331
-6717
-22224
-16434
29563
-3372
-20172
850
12303
-8220
14023
-14397
533
14852
34249
-7732
-13834
28103
14751
-19393
-23078
22399
-7961
31339
-9352
-20484
23038
4905
-27616
-25887
-13081
-5150
-1806
-13203
-8158
-13501
-1350
13109
10425
-7000
10296
6899
14620
-11295
-15772
-34107
-19125
34201
-13128
9171
18534
71993
1845
-14534
29789
-2186
-36602
1232
38538
-16714
-15688
-20892
28517
-7297
-29747
27211
29805
-4223
14094
-15888
1285
-3317
6546
-21946
-9145
-10787
-35758
-11421
-6719
9308
21315
4048
8093
8532
-5256
-24821
38461
-12154
34502
12193
-7288
-31288
-10411
29181
5838
-49900
-1609
-34337
13175
-25632
-11941
12304
-11897
-5118
12713
-27410
12029
1259
11368
29469
-13312
15797
-25345
-10971
-26001
-7849
4002
-26249
-35736
-17732
-50957
5052
5151
-664
20583
23324
30372
-10577
20651
-1478
-19210
28052
-1839
30622
-37164
-12557
-25704
25294
13004
7344
-21292
-10704
9242
16069
-1069
15847
7963
-4486
-16459
-24927
5112
14461
2332
10084
-19875
-11255
-12802
-12783
28089
-7073
2694
-12229
-36310
-19586
3088
-3050
14648
11350
20380
-37362
2688
5901
-15604
30823
27475
9595
-5333
29293
-25734
13894
-16476
4807
-21561
10429
20138
-26627
-5181
5781
-6715
27866
24750
-45981
-2925
-36218
4737
20924
-22018
-8603
48311
7491
21250
-23241
9306
11755
40977
16705
12868
-22404
-10135
-1857
38154
-9948
-19491
-187
25003
10290
451
-32529
9537
23703
-42800
-9031
-6113
30931
-8840
-11170
-18251
7599
16209
-11323
18992
-15482
-3356
23370
14874
-22326
27718
13807
-14476
-21282
12240
17345
-20188
-10335
1346
22582
-50213
32892
6349
-32156
-25283
-602
1402
-7660
4827
-32816
2069
-24921
-6489
46153
11679
-17827
12594
-10826
4439
-25414
-3239
-7063
18775
12290
12413
3751
-4604
-8480
-1892
-1158
28213
38727
-33377
-4691
-7068
-33919
-20954
-216
-18894
-34
-30938
-28154
16090
-16934
-2877
13392
9506
-9049
-6312
14896
-33237
34121
8782
53649
-13087
20387
15630
12938
17056
-40921
-32339
-28796
7914
4348
16392
16421
10253
-16926
-7513
30182
20012
-9487
7784
27267
9553
-13462
3783
2685
-3290
6144
-12567
-5883
2944
9895
-3118
20783
16214
20287
14047
16311
42099
10707
-13306
-10345
-26490
-10287
18653
-26069
-9255
-36944
-24025
9170
-54037
20754
-7295
-769
33394
-9284
-5893
-1901
5319
2854
-20521
18827
-4223
8801
-25786
-27470
16214
25863
-7669
-2901
-28171
-3635
-22424
2953
22175
8001
-15728
8654
-2461
-4234
-32661
-110
4330
239
7673
25728
-12707
-4577
-54599
-31182
14125
26373
-12662
3217
-37157
-7677
-26629
-7388
-10945
6940
13930
17769
45647
22413
-8112
-5077
40961
-10591
2216
-11471
16388
-5388
729
4906
4939
22811
-7199
-480
18216
-38672
7925
498
19401
5641
-663
18249
-17000
-24650
-18526
15298
21893
12637
-6489
2470
25139
45697
584
23152
12653
-31439
-3016
-26572
4231
-16785
13672
-2057
-24301
36762
-55104
-22812
25220
141
8835
-9696
-16703
-12019
34555
-9091
-4991
10923
-30964
8619
16829
5356
122
24109
-1139
-4091
690
17976
-32653
15390
-11542
-1476
15254
-26503
-4019
-51436
23651
-8767
-5406
24003
24193
-2496
13433
18954
3144
-9245
11491
6281
-1963
-24909
22661
-17592
1920
-9273
13707
17442
7
2183
-20042
-15886
-20894
19567
-9826
18549
-32828
-8917
31048
-1198
37036
-27418
3981
17324
34226
17523
5360
-7789
32975
25877
-547
-35143
-8791
825
3299
3770
5693
17673
-8596
44235
-15754
-25732
17445
-24861
-3452
-24933
12027
-2756
12481
29134
24992
-3109
11550
-7261
36451
-31
23777
-27402
19459
-26209
5948
-38409
13610
-5398
19090
21654
-4864
-30880
1415
-3695
28357
-9465
-32728
17975
3175
2484
5394
51088
4739
-10075
8209
3638
-3384
-26736
-8060
-10644
-28906
-13259
-14909
7625
-15975
-5601
-15718
-27681
12143
17586
26716
-37386
8945
-4055
-43026
5094
-2828
-20535
9221
-39770
-24
10269
-352
-6909
-46924
-3787
-32893
-4658
6177
35361
-19587
772
-49701
7423
-9676
-20381
-19437
3454
6808
5503
5235
6675
9878
2990
17666
-11255
4898
1144
-11254
-5555
21129
-40572
3721
-12676
-11927
-29269
1366
-16424
-21939
1573
-18405
23542
7616
-14652
25670
9645
-3634
13337
22435
-15481
-347
31014
-8473
-14051
15821
5515
16975
14956
-40848
-16673
18434
-9068
5062
4512
-33406
25323
22809
-2373
-10620
-6840
11585
1639
29367
29221
18467
-9279
9372
-18345
4738
7681
-21744
-15776
-31446
-24386
33564
-9433
24712
-11539
1515
26337
768
15717
6872
-5052
8955
9003
-13517
-2988
-7110
17130
4694
-13283
27814
4882
-46667
60487
21305
34267
11713
2917
9040
17665
8882
-45
-22660
-14345
9490
-1676
-4607
18700
36670
15190
-1422
-8354
-20676
-22671
10672
11482
7050
13645
-8317
-11127
-12705
-5232
-4351
19920
12913
-690
412
26602
-18217
-22609
843
13949
-23228
-16305
6869
12030
-15034
-7655
-14480
-28682
-16418
38562
-7282
-1746
13119
12830
-23218
15395
-20860
-799
4954
22947
770
23304
9206
28823
-14089
-9505
18395
10661
9880
6401
14749
-8595
6023
2645
-562
-22912
4221
-34762
4685
10821
-2000
-10739
-16661
-13156
32421
14446
33
-18859
30077
3518
-29701
-8925
24921
26092
2139
-14575
-17314
-17760
-20551
-17726
22063
-10381
-13190
-26911
2859
-6732
-20479
10037
-26166
-42299
-57584
29448
18114
23769
-30534
-25318
38141
-2634
-1184
12945
-18203
-11708
13286
-18271
-2771
-30953
12764
23438
-4605
-35353
-17530
-37038
-4692
3836
-11132
16994
8328
11129
2107
20933
-26444
11701
-29939
-28405
-5696
22148
-2352
-32809
-10260
-16107
-34659
-15752
26890
49980
44716
44321
44002
-627
9187
2268
-5177
3239
-20206
11715
34022
-12578
-5166
17831
-1217
-27712
14606
36490
-10368
-6563
21364
11139
-20533
15961
-31401
4263
-1221
11476
10454
-31299
7163
-6351
8814
-18268
-3991
4818
8334
15456
-7475
37747
-18021
-4773
-1639
423
-7739
23012
-16972
-3726
35298
-7986
8738
27243
13433
-20535
-18737
36790
30151
9878
29118
-3326
14387
18994
-4867
-32536
5289
5442
-9139
13554
8129
24765
-37497
40854
33210
-40820
19374
12291
2969
-2464
2393
18265
-3978
-7595
-11933
-25016
29624
-22627
-39560
-4361
-20383
-21577
-26028
-18857
-5374
-11866
-2054
16939
-2317
-5219
-9321
-12986
-12500
-13205
17798
-3625
-19293
537
-25532
23686
33146
-13639
-17240
7159
10183
5665
240
-4322
5179
-1340
3665
21349
6952
16341
1669
20668
-40908
93
-32691
-24671
6468
-16414
33109
10198
-9510
20161
-10794
20965
22637
14064
14209
45340
13780
-18122
6321
-2946
18777
-18419
37072
3654
9181
2427
32939
-9261
2106
-16304
7013
-3290
-34795
-10956
23665
34279
33350
27729
-38159
-11578
19568
-13397
13142
18618
-3503
-11552
-13895
-15903
12253
11598
2572
9784
62880
27391
19280
-30129
38293
-17507
-25924
-448
-23496
13415
22816
6328
-29916
-7473
-23437
838
19518
-19846
12527
15757
31801
-36669
17728
24030
-33
-25407
3066
8740
-16652
30463
12449
-3615
27161
-11403
3551
-3872
22418
-47936
-21672
6297
12328
-4299
-375
-534
-10799
5260
-5614
-12136
-8438
16889
9337
9309
23192
5655
-20606
25637
-12060
7147
31874
23494
-8527
11283
9300
-4325
-20777
5378
48163
23763
-40415
-56322
2129
1141
-17985
-12448
14003
14782
10306
5396
2497
-16920
-1673
3836
16478
3183
6283
4533
25992
17308
-726
-3018
42167
2800
-10722
12472
2315
-6520
-7818
-29575
-9462
-19033
-4732
13278
48570
-452
-4773
2512
3755
-29833
12240
21995
-2640
-20591
-27699
-1814
-12954
1554
-27512
30962
6972
338
3944
-23448
-1572
1088
-6116
-16466
4464
29562
-21045
-12263
14640
1562
22211
2617
4571
18603
13356
-8832
25981
-5648
-11687
4529
3293
-12935
2813
-8197
-3720
9697
-11981
11749
-40384
-4591
-13848
-3999
476
-21580
1890
25689
-22165
12571
-3551
30366
9864
10002
-8961
-25350
-6032
-41084
-20583
-9372
-12295
-1746
6089
2597
-22293
-10256
-45159
-18657
-11388
-809
-12109
18793
-4971
39632
-3973
-11001
32595
-35258
19494
25491
-3571
-19663
2996
3845
2358
31048
31840
10326
119
-51008
4278
-8924
9603
10564
-19015
-7755
-24474
30902
-12695
18404
-16795
7456
14956
-22464
43145
-13207
-17191
5855
1008
4706
-1077
19605
-13065
-5222
10934
-37807
-1948
-31529
-17422
44665
-39648
19136
7265
15290
4850
-6045
21743
10170
-41801
12155
-608
-6251
4308
-19282
-30254
-191
-16947
12131
49153
-20894
-4488
-9222
2519
-19848
10524
-12507
26040
5593
-2091
-8516
-52691
-24234
-11229
-12866
30635
-9286
10867
-3130
-36063
-2238
39506
-39120
-16580
-18830
-21277
261
-36552
-24999
22409
25442
20554
7538
45080
-24601
-6372
17875
20326
-26840
-14606
-14916
32294
17243
3758
-17268
-4193
-9105
12395
38763
3913
4143
-23163
16286
-7034
-28786
-1868
30805
1273
22911
11228
16775
-5461
8456
-25117
40020
21439
-15467
-15062
3826
27597
-16243
-37591
7621
4580
12315
-14295
-21307
7966
11035
-3404
-25075
-4285
18543
-4465
28999
19554
-10670
301
-24131
-6377
15867
36152
-23211
38762
-5553
6567
12799
17520
33451
-1880
-19603
15101
14114
-15620
16819
-24260
-18111
-22910
25642
-12738
893
-25839
-16137
28101
-28064
4565
5198
29598
-2856
-15744
-18204
-5730
55828
24748
-6861
-29870
-33106
-5832
5932
1748
-7937
-5026
9647
6558
-31077
16602
-4160
-21173
-6026
17529
8966
-13814
-16980
11679
-54609
-7773
8915
8159
-7587
4774
9014
-15456
20436
39164
-5634
14719
-2966
-23424
9040
11042
-13414
-1252
9800
13845
11338
-1085
-20958
-31420
-5100
-1850
18316
19080
9059
-11769
-19215
10186
5089
17267
-957
36511
-12416
-9013
4178
-29435
4180
-1133
22065
-20668
5778
-2505
-16122
10662
-4880
21605
966
-7558
-7722
25877
-28403
-18173
-15016
-5155
-6101
7525
-24445
40833
21030
37230
25680
-16496
-30249
-1100
2941
-23916
31548
-16283
-8275
9525
-68615
-24833
-14826
-160
-32884
-29933
10663
-3189
5938
27864
-5885
5769
19318
9240
-34282
-48957
-9446
-12280
-4239
27663
-37632
-4574
-962
-33002
22151
-24460
-22650
5672
13644
-10154
-11731
6137
30197
3861
13337
-9141
14786
35140
-13029
23343
-16366
30398
-18826
30961
2396
18810
3915
21872
17196
-1899
10340
-21710
6716
3180
5525
-24163
-6105
-18561
10324
15714
-25616
9111
31382
-14874
10083
8600
-8612
15941
14409
12617
-37579
-19685
6954
-23305
17371
-28285
24552
8399
-11149
3961
24995
-4241
-24974
-5799
25370
-24701
13622
-3698
-42448
-12862
-8026
34591
-10454
-22190
18317
21964
2133
8597
27693
-3212
9412
8381
9797
-2874
-9072
586
7679
48270
18392
-14902
-9326
-20863
-8604
-1692
-5925
14086
-27068
-9004
41
6231
896
6562
-15996
5129
-18887
-13381
8580
10938
-41816
605
-20142
27422
5383
-815
3281
-6638
-31092
16541
6007
-544
-11948
10108
22814
-2932
-32978
5148
36872
-19057
15751
11056
21584
-45720
43031
7642
14385
-18039
39049
19776
-11378
7142
2617
4716
-26954
27945
-4320
-11905
6967
-35424
-8730
-47745
-7334
-27043
-3976
-11068
-25672
41318
-28919
-2414
19898
8002
16084
5345
-37843
3317
43299
12200
32644
-29716
17527
-15644
-10519
-117
-31593
-33213
9538
-41681
15432
-13047
-4318
7087
-6700
-6282
14882
-9807
26906
-313
-8737
-46365
9692
-2128
1684
-2517
21056
25049
-7486
41104
4091
-29558
1028
13481
-3625
-6637
29611
-18275
-28791
-11333
-29173
-18628
4412
16362
2787
-53923
-29016
14744
-22840
-15561
33592
6432
12506
-18626
-32908
-3951
-14659
-6959
11568
14880
-34181
21928
2355
-2306
16756
-23370
5569
-14142
-21329
-51940
-6637
1300
47913
-11994
12845
15905
7186
-29534
-30539
-36619
17953
-20200
-38156
15128
16911
22163
7219
-3720
-10066
5807
-24318
-1704
-9510
6379
4284
8403
-15096
1246
31640
26226
7073
-40331
16084
-10654
1167
-12153
-5504
11712
11509
2015
8452
17431
5848
13297
-13991
41185
11676
46029
-4207
-7921
10774
8030
39322
-3258
-20354
-28636
-20466
6698
-27206
-24979
22471
-699
4530
-34861
363
17989
-10001
32290
-29548
-18414
-21736
-1286
-40779
-5056
27727
4482
10808
16181
4764
-19998
-44787
11629
3547
-22057
-20125
-33559
-11140
-21066
-12452
-14822
-12072
8329
7153
8778
-15487
-8471
-12096
5823
-11592
16599
-46729
-6903
6142
-21114
-19984
35361
7213
1573
-9433
-17482
-18891
-26001
-2595
41354
7264
-10991
-22800
12220
-869
-4318
-41441
3627
-3831
-7086
-35525
13756
6597
-5754
-16870
3155
-8323
-10062
-33854
-19879
8170
34418
23921
-13961
-19243
-5401
-34186
-5252
-14167
-16542
-19142
-27863
8334
16127
32792
16528
3130
-1504
344
-13422
-50749
-16707
-4498
14897
32960
-28307
20999
-10270
-22732
-16742
-13623
37261
-7932
-2086
-20797
94
16713
48852
-8727
17912
-5744
-2777
18096
-10700
-6810
14392
-3573
28928
-27417
21886
20478
-16758
-35095
-3587
-10227
39917
5084
-6928
26772
12026
30551
-4317
25555
17565
25438
-16939
9804
-22684
16879
22957
-3928
-28616
-32963
-5665
7407
23088
14062
26638
-16814
-13319
36152
6105
-15456
15622
22419
1287
7563
29758
20618
23734
-33141
2583
28539
16447
12292
14202
21276
42793
-13078
-1562
5146
-6468
13938
11825
21912
2637
-19598
-13123
-633
-13153
-18543
-3683
3454
3496
10438
-11445
16189
-3667
-20947
-26105
20335
-818
-2084
8956
17246
10501
-16689
-3719
-22173
-730
14012
28467
15238
-10170
-1475
-12384
-15535
12923
708
25665
12524
59811
-24129
6066
-14697
26571
-3998
-8260
-22441
17495
-6782
23656
-11546
8907
-26658
-4345
11725
15179
10253
5774
29463
8140
8741
2485
37052
-5379
-17561
-1842
-13177
33429
-20884
-23435
27380
-1112
800
4967
30668
-23634
31446
13210
-24731
5430
16231
-4690
-26435
-6533
-28700
12810
4277
16939
-15347
-8961
26083
-3070
-14023
-6145
-25963
2565
-12340
-16701
-8999
-19172
-9207
9022
13748
13985
-2646
-36043
-4047
-2594
-27439
-1183
22589
-42050
-2068
17852
4346
4712
-11597
214
40899
32066
3100
-3274
22012
-26873
5841
15894
238
14944
18668
-7672
-10646
26598
-6441
-49128
-3818
-28604
26873
-10803
19636
23741
-20744
-10030
-34836
18612
14677
-23637
-10426
1275
8852
-4485
18525
24488
6007
-2050
72437
-13744
-18056
-13394
-46496
-21995
-5099
11752
2092
-36159
-16208
-18835
32361
7095
-1572
-17879
18298
-1846
25093
-25366
16730
18524
-1561
-27083
9539
-10502
-15059
-1526
13611
50591
36399
9802
1919
-22117
6615
-21837
-5176
-21462
-39913
-6470
9092
8914
-41349
-9869
14447
-7242
-1979
-18647
-4930
-6811
-16166
-5759
20443
20096
-16906
-2341
-17814
5600
20112
6646
-3378
11975
13047
-25132
4177
-32252
-36957
14436
-926
3282
29324
-10476
-455
29384
11474
-26
14524
-235
-15864
-12400
-5865
18322
-759
-7039
35325
3781
18840
31677
-2422
39716
108
-13558
2913
6687
50499
14009
-9500
19320
-1575
-10177
1916
-8005
-21937
14737
14731
32597
29352
-11802
-964
-33394
-2503
49948
-4686
-1576
-16211
-843
9617
16875
-2477
21762
17309
-24681
-8117
-39365
4910
-28854
16903
9298
-3999
-18704
29616
-26315
17142
-40454
-7040
-17995
1606
-8809
21258
-10484
13229
-33522
-3049
7774
-21534
-2830
-32602
-31613
39471
-13703
-3036
6834
5656
-1758
-3062
14381
-6809
17385
-19063
7676
-45105
10447
-30124
-15603
-695
11276
-7916
4001
17229
31177
-12511
-46103
47442
-28376
13704
365
28798
1640
47721
38080
-10588
-25542
11523
2021
1078
-20970
11428
-31189
23787
21451
-26757
8584
-33449
-1415
-5198
-18693
-2286
-3296
-4839
-1456
28789
-19897
21956
-1422
8761
-7275
-21317
-639
-5448
-25294
7538
6370
22369
-2396
-27402
-7070
-41510
-26803
-6441
-23488
-739
3180
1795
6363
-56703
23078
13343
-14659
-20815
6093
2808
-21100
-4292
-10627
25189
-3453
24031
-21104
-9521
-15474
8191
11652
-28935
-9997
33042
-10906
-4443
-25609
22899
-33936
-15747
11914
-12130
14905
-10891
-3668
-275
-14135
21937
-38872
11866
21080
-35812
18305
22945
-26689
14228
-22179
-15674
-9659
3195
14252
28866
-7406
-14948
-19157
3475
-1614
12785
-19190
7934
-10204
-18514
-14340
-28424
38421
-18456
-6203
-1573
-3477
-8181
7573
-8526
-7175
19079
-20026
-6529
-1207
125
24367
-25764
13489
-25707
-12620
-23316
-4713
19151
-22563
9155
-19258
1486
21657
-32658
-10095
-16554
3602
26677
16855
692
5926
-10582
-14990
5295
-23103
10198
16328
-20019
4834
-16708
-7033
13280
23144
-18822
28427
-15783
910
-18756
-44
-22123
347
-976
-20542
3489
-28408
6006
12081
-1295
11145
-14043
-14421
-25559
1948
48712
29146
-9160
-11673
29555
-3032
-35050
-25465
32189
-59
-40570
179
30103
-12917
-7910
-14852
-13909
-12813
-29877
-28369
-43758
-12820
-3101
-21894
21412
6570
-6126
-1678
30179
9041
8481
26842
10506
-44353
-8945
8038
14266
7911
9530
50599
41681
-27867
-222
-4406
8372
-13550
11836
-14657
17968
-2294
39617
-13354
2169
-21330
28355
-3964
-19057
-9845
25115
-11303
-7470
5363
4613
-43769
-14566
-18192
-7337
2693
-5829
15266
11628
-6680
-21106
40706
-30545
-26523
-5317
2130
-7424
-10317
-19772
2036
-15534
-26407
-4787
-17084
2453
-1023
40560
-34373
-36994
-6116
5468
22339
-7017
40352
7707
-52105
-45168
-3905
-1428
346
2314
6064
6919
15286
-8765
26452
64
13063
29026
-2588
-37069
-967
-2258
-1802
41755
36313
27327
-11222
-6820
-24586
-11511
-2852
-29013
-22608
21496
5725
-13630
-6112
-8458
-11746
-5626
19305
25348
474
-8067
-15545
-22275
-7658
6552
23743
-4890
16196
-15056
-35566
-38293
-11228
-13507
-16800
13196
23195
7168
-8546
-39389
12846
-189
3514
19962
3977
-996
709
26727
-26076
-14118
-3369
-35935
6144
19813
-4338
23854
-10330
10311
-21121
1571
-32117
-14675
17268
-5077
20203
-22447
5342
5685
2479
-578
6479
-5668
38432
8656
13663
14214
16328
-14932
-7620
-24746
10743
-19793
27941
20202
23443
-5295
10810
22731
20856
-31889
7189
-37226
8264
19812
11995
11770
30187
-8447
-20773
4266
17247
21200
-12110
-10667
6013
-15704
32127
-20025
12183
-14722
-16337
19519
15013
7955
-18175
-34997
17685
583
-12278
-18792
-7918
7274
15353
9589
17057
-19700
-10827
23301
16590
6429
3307
18138
26
-33017
-22968
-7291
-22771
19899
-10226
-7799
15401
2368
22609
-32339
3067
13813
3679
-12435
23329
21659
-11248
11189
885
16893
-13453
-10192
9523
25020
1849
-33226
9816
7377
-6156
1578
19431
7503
-10159
20091
-12882
3092
-12786
-2608
-17523
13312
23204
18838
11726
2030
-21954
-7231
17286
5140
18438
2422
-17738
-46271
-25203
-26360
19922
-24428
13825
9915
6859
26744
-3133
23686
18280
1795
-20929
32896
-11400
-2551
2584
-11125
-10184
2792
-2937
-10176
-48300
-862
-5887
-44332
10212
-24045
24906
28175
11581
6384
-1100
-5085
-39631
-24167
-8574
92
30780
23364
10822
21954
16230
-6316
-19379
5488
-3805
-14277
-27247
-4642
10488
15643
-19120
10895
18487
-20431
-17884
4539
1241
9171
10928
-25326
-25359
-16938
5681
12520
-13581
26631
20865
-39722
-17353
20245
-18941
-73
-37203
15471
18833
-4085
26638
25920
-22962
6836
939
16744
-23716
3034
7334
-6629
4676
3197
-10287
-39658
4638
-33187
3137
-7534
14988
17188
24228
22897
-150
-8494
10302
30867
-28226
-17092
6341
11047
-10718
4589
-12392
-43056
4867
-17868
8377
-17204
-20402
42088
-18915
492
25523
26072
-5816
28701
-21326
-12634
6002
18212
1184
45391
-770
13220
23574
15176
12945
34149
9528
21987
22791
28840
5735
-7481
-4082
-18206
16622
-10484
32320
23604
-16084
-8637
-1495
-7353
20412
17655
-3791
-17131
8334
-5427
1784
17342
-2694
4661
-10181
5375
-12851
-4209
1507
-4861
-2976
-13147
24270
8287
-2680
11400
-14156
-9611
-12856
-16919
14471
9764
13706
9358
-3975
-15528
20184
-23297
-7473
21541
3160
4459
-8021
22671
17310
4594
-16475
10977
18313
30076
36564
2981
-37124
15097
2970
32238
-15336
8623
22513
-14114
10361
-13741
4607
38625
-724
-8405
-7412
9409
-13196
-20131
-4836
-21440
7929
-29021
-30121
29548
2866
-4191
23277
12862
-1578
-10165
20891
-12474
13117
19201
19068
18316
-13553
12128
-2002
42485
28571
2454
9750
-779
27099
30516
21620
27525
11993
16588
23324
-1571
-8349
-9218
7813
-29011
4680
5776
412
-11895
-31044
19017
6417
-11640
-7149
-25664
6288
-4316
-13820
10611
10736
16382
-4166
-19726
3322
-11972
5839
691
6478
-18564
-9521
-2740
7519
72
-1374
10385
8989
33723
-16717
6090
28573
28456
-6031
4882
1899
8667
13132
15224
-30955
17201
-28744
-642
-3905
17849
35873
-49105
-9829
-515
-3645
-28061
24441
3013
17288
-16813
23097
-8072
24537
7880
42758
-8166
10104
-36903
-27419
-6757
-6009
-7117
-34110
-16317
12165
-29268
12944
11357
-25985
4695
-30751
-23518
-13137
-23814
-11624
11450
-11860
4874
2793
10368
-21568
-15603
32318
-13128
18593
-12134
-106
4060
-10077
48060
9105
40061
-6760
-920
4946
-12098
259
-33062
-38019
-3859
2983
-9864
11834
19339
-23220
5367
-5837
-15958
15533
-16293
23735
-4755
13202
-3564
12137
2761
-18465
2883
2723
-16595
35789
-16498
-19361
2214
-2760
-8237
14545
10316
-18873
41645
-11856
-2965
19687
-16999
500
-24184
-16558
-1152
20520
7563
341
6131
-6991
-899
-1689
5003
-10842
27728
21241
-14925
8548
33994
-21827
8772
-3240
1902
-2616
13449
3800
5055
-11569
18426
-17197
11801
3532
20628
-3325
36578
-32918
-18084
16524
-30972
12081
9142
-12341
6346
-22091
-10224
-2155
6698
41668
5758
24889
32860
-24880
-11688
7816
14830
-5204
-22678
21808
-8966
-8483
7654
3267
21659
-10613
-5144
12694
29125
1246
-7578
-7883
-13856
16994
-511
-19143
-18609
-26672
-41700
6737
17148
40956
-15952
-14441
16586
22812
-5952
2392
31506
11829
-11120
15383
-12413
-9469
17350
11568
-31103
-14655
-2644
78
-4079
23473
21899
5345
29493
-7616
-2368
-226
33288
22795
29746
5335
45797
36809
-30143
-12128
11842
2731
7246
-31670
-2688
-21409
23507
-16021
16066
4211
-7972
-13204
48743
-12922
26152
10108
-32541
21574
-10201
-7013
-8315
33804
7497
7206
20668
-2478
-36566
-18711
30084
-29174
33477
-49791
26024
-18529
8209
-31473
-840
33852
6112
-10701
2564
-10080
13814
23240
-21328
-23003
-24028
-31155
7730
-16520
-46093
-2181
3864
-5597
-30556
-13631
-6295
-31222
-11329
-1227
-9139
32533
-1247
15427
32075
-2028
-4324
-15842
-1096
21337
4698
19614
1245
1899
-6738
-14593
-21950
-17572
-29000
-2243
4129
1031
4607
-5182
35058
31963
-11276
9094
29242
9301
-21060
17236
14433
-8155
5395
7559
19274
-27194
-6518
-13224
3149
-21928
251
-29256
-36477
23865
-22964
-2848
23508
-13330
-8706
-6668
18372
6625
22574
9643
-21520
-17643
-13885
-246
4844
8915
9829
34404
-7014
-13619
-15113
-14692
13397
18180
1109
-10916
540
-19196
-37106
-17325
-13602
-39680
-21999
-17641
2993
17702
21378
8534
19490
-5367
-28868
-30626
22683
18671
9671
-22667
41624
8848
-15826
-11594
-2965
-4522
44255
-15914
4398
31197
-20173
-15786
9513
14676
-6788
5495
25678
-1293
-13490
-8231
-14762
11132
-8108
16950
-39388
18844
-19278
-4916
17837
-4103
12726
-314
543
18868
11222
17023
23367
-24504
-12403
6606
-14953
-2948
-34260
-29859
9917
-13427
-4026
-16397
-7663
37887
-22466
17707
5014
11455
15071
-9771
31286
9355
25823
6921
-28213
-29167
-9316
29011
17778
1240
-9711
-17331
12937
-2792
-22407
-37224
4236
12669
-14205
-4005
9784
21497
11152
16165
-16177
26363
5485
6560
-2002
-14658
-10584
-11352
-8233
-49889
25435
8142
-10915
8249
22483
15679
-4021
-3730
-12424
-1035
-19292
-2311
-6194
-22905
32120
-12769
7725
-15488
-12472
17253
31777
-25183
-4505
5521
7096
-2082
-6633
16500
4957
-7976
-13288
-21906
-27909
2204
26063
-8793
4377
-155
-12152
-20257
-9917
39831
-10907
432
-7117
-3976
-19978
13750
11231
20468
10728
25159
-6513
6642
30450
-48594
7842
-15089
7794
14398
5629
-13674
6331
-383
9602
10145
15379
-21890
-33647
9221
-9634
-11776
-4712
-37435
-8395
8859
4726
-6169
-2739
2166
-4973
-26688
-31573
749
27841
54307
-14116
-15765
24308
-7222
34612
16926
-4142
20405
-40105
30076
-975
35647
44045
-1636
-6327
25670
4992
-26345
26808
-35398
5781
-12937
19603
-1137
-10526
-8763
7277
24630
-29219
12651
-29988
-30624
4251
-22284
41063
13645
11921
-7086
-33440
-24663
-20443
-6599
-1173
21236
1786
375
-21805
14140
2892
19706
-21274
-3126
20377
-14423
-19613
21548
12677
-1640
-18275
-29010
-14942
-23945
-5185
7363
924
-15126
2783
-2640
-45253
29924
-11521
-6120
3862
334
24013
-19189
36110
2191
-3729
-3678
8449
11188
-18253
26756
-14474
-11650
15802
16045
2386
-31824
25971
12345
7628
7658
10332
-4426
-3012
11369
21223
-459
18337
49074
11390
-30137
-6557
2447
-19816
-7104
-30010
-19201
-6005
14445
22870
-14016
11580
20161
-34434
23609
231
1127
-17963
-4746
1338
26577
-1531
-16763
9705
22747
-1600
24637
-21376
23831
-1435
7190
-1199
13904
-58851
-23761
-10628
-9954
-17951
20736
3380
7953
23504
23011
3396
10573
-9580
-17659
-17774
1208
-30078
-8616
25706
17883
-59863
7024
9117
-13112
-2552
-6854
-26069
11665
-23096
9909
-10166
849
-38771
-10565
-19584
5559
25403
-31494
17156
-28550
-20867
-25665
-14724
3593
31146
-8669
24276
-11502
7864
-20651
-25036
-5374
-10680
-25107
23463
-5658
3371
-11891
24515
-744
-13088
-25050
38077
10364
1966
-22408
-12123
-47611
-17195
17874
-2898
7266
-6637
-10622
-17251
-9212
18082
-4311
-21073
11363
-5326
6497
26043
8200
-18823
29305
1428
-16936
-32476
-34305
5446
9182
17900
-2723
-14470
42207
-1074
-14910
-10642
-6106
11420
-31101
-4745
36475
-36632
-5323
-13441
-13390
21684
-13727
-23483
-10274
-47712
1085
13176
26471
-10929
10647
14846
-8049
-780
9153
-13615
39397
-24194
-26334
4874
-10644
13095
3613
-20936
-18551
-1656
8376
15146
-3499
1135
2995
-46313
8122
13835
-27589
24168
-1453
-18569
7289
-15336
-26639
6530
-35543
-20795
928
-19678
8310
-10166
491
-175
17180
-16124
30023
-10128
-13080
-11741
-18746
22751
43503
-12251
-17168
-19188
19530
31443
36751
-1638
47852
-18734
32852
-20825
24167
46116
-8768
15274
-69
7394
23072
-16239
-16152
-3934
30633
-8162
-4885
-8672
15086
4998
8719
-19523
-21470
-6550
-22995
-33743
59800
-7200
6386
32859
5525
-10336
23862
15890
-9113
16039
20121
-25899
103
-6848
8853
-8291
3862
-13954
-26335
-33073
19713
-5441
1066
9316
5748
-4549
-496
4616
-3909
-36651
-28238
27997
-49489
71306
19882
-965
-17957
13943
5146
-13529
10090
-2404
3688
53233
-5977
-17943
-5438
-5911
11218
-10943
5401
29909
-2352
-38178
-26778
35211
-26961
1214
-7055
-14420
17455
-29568
-601
28855
17025
23265
-14016
12350
-11422
-1703
-7414
-26262
-14417
-5753
30730
16413
19432
-4114
-14004
-48116
-21502
17450
23767
1308
-6639
58240
-13507
-3464
21643
-2455
23122
14277
-27965
1350
32595
-11038
5159
-1267
10912
-23880
-20385
20804
20034
-34805
-4910
22985
-7977
20522
34095
26342
-9168
-26970
15522
-8609
20656
-6527
-32015
-30338
7883
29433
-1136
27838
12344
-10994
-10473
2787
8124
-39336
-601
-36182
-14919
8869
-15871
-10415
9184
9307
-14570
-930
16977
2994
-1613
20188
31580
-4907
251
16915
6276
6833
-18190
-24544
-11688
-17077
8187
15946
6903
-12312
7158
-37398
4334
-326
13416
-39397
-20259
11210
-5605
561
-5322
-7978
-12587
14818
2936
2307
-26887
51391
-980
-21510
-11480
-14900
-16580
-15754
17848
17719
-36311
21030
29080
30264
2480
-12135
256
-1054
-29517
16558
-3712
18654
-26092
45049
-7345
11521
-22391
-26318
21540
1110
7372
7249
30246
-6155
-13038
32431
23923
3629
-19380
-41706
19176
-1288
28619
-11162
-12221
9227
-4345
43481
-6626
39935
-15576
-20342
-2626
11297
-24748
5669
20497
-13203
-21769
5450
-40255
26320
12777
-15376
23396
-18681
37279
63040
6659
19140
32907
-11641
-852
31465
11983
31537
16512
-33705
-6484
-7897
-1515
37680
-18103
-18531
-9330
-7374
-19780
-32060
-29639
-21544
11665
8740
-4038
-14835
6810
-13574
-11773
-5705
5792
5989
-8573
-18430
28582
30039
23782
-3402
13866
11758
-41802
3956
8225
19909
-20630
11605
-17379
-4731
36597
-4470
-31714
-12996
1678
1149
9774
-11724
-40923
824
-3891
-21634
31142
12278
-24301
3852
-19342
21258
15861
-5423
1592
33772
-6817
-15564
-7069
25209
-4519
3826
-4877
-16862
2946
29126
13842
-4738
-11056
21555
20737
-27597
33097
38362
-22361
-5386
4774
-19209
22339
-19563
-13569
18314
47238
-6211
21594
-960
1922
31677
-6216
18665
21471
20011
33199
38218
30565
-3658
-13343
-8671
-15756
-7621
860
110
14540
-18880
-25959
-8334
-40326
-28368
15669
9275
16569
54071
24894
-19440
2596
5603
-19843
39971
-28254
20751
-17961
-51390
45779
-10500
-25590
1202
-37825
19886
877
-9565
180
16914
20901
-15837
11042
-6890
-4037
-24623
9455
-1937
-9289
22417
10343
1042
-1330
-5732
-1813
4614
18049
8019
-37564
29092
10248
-3339
25257
15007
-13139
22366
9320
-29231
-15028
-27060
-8056
-25058
-15533
20086
28348
18552
-12099
-16096
-8560
21620
-2898
-18640
2189
-7814
-263
-18823
-14615
15179
16077
11950
9542
23089
28807
-8684
-29146
1231
14352
23216
-22673
699
3387
5558
34614
-23772
25506
-16997
-5148
25910
-5779
-14420
-4199
-14158
-6883
14249
-8929
-46655
-10672
-4017
29411
-16790
-23942
-13595
-13571
-13944
23679
-1022
-7924
-21224
-23839
18563
36176
16530
-11975
39317
-8636
-19818
-53383
-38195
-16891
28049
14901
-3224
10511
9884
24702
-2655
3422
-29634
14784
-6966
-22817
13011
-19480
14689
34766
-11101
-23617
-15084
11848
10387
-24290
-12741
35234
-15808
-17040
-7398
36853
-27076
9636
-3009
-52850
11907
-17356
-5980
16369
-38463
-14279
-8955
6980
-21834
-14835
-27686
-7686
47589
23541
8882
-3130
24645
8946
2003
21731
-34386
6683
4104
3790
3056
15018
11734
274
2307
20734
13951
-14832
-5150
-19238
14244
25246
2483
22404
-4544
-28272
2347
-3246
-4384
31871
-3220
5356
34672
15463
2402
2160
8653
4483
-12530
-3113
20341
11174
-10796
-675
24608
-2123
20442
9612
28830
23556
-11559
16763
-8875
7981
16085
-5043
4626
11003
-14115
1153
-17956
24638
16727
-25643
29994
9989
2309
-496
6610
42356
-9914
-436
-5866
22673
-41717
3762
-27427
26300
57358
30135
8795
-12968
-25159
-17213
-27891
30692
-9711
23182
-18236
-21616
-3449
-5744
2337
13942
-487
5385
-8709
-20745
-33603
22938
-22775
21019
-5146
4711
20604
-10003
-36319
26678
32081
-29632
14967
-15989
-3760
3824
-9395
19157
31957
7869
-7636
-28218
-12215
1610
6539
-12263
822
18180
18968
-1699
-7344
-45496
41718
2628
8180
11164
-30177
36436
20652
-28564
-13450
-34739
50414
-1019
26967
21417
-10554
14899
-946
-9141
1384
-3449
-13354
-18200
-35837
-18687
6685
29926
-24584
-13601
21650
28633
13006
7467
-15212
-276
52169
-40405
-9252
-2860
-37125
-6481
6499
-22444
-204
5822
20047
10260
-7829
7215
6587
1372
-21966
16184
10674
19612
-6872
8100
6650
42166
-17231
5985
-5054
-25054
7513
-8267
17048
18832
13617
-26399
-11788
-8138
498
-15206
10906
-21523
26760
5865
19198
10173
-32049
-29525
-19033
-1885
11058
59030
27681
10036
2739
-6117
-19700
-25799
8911
-12200
-3300
21871
8013
45386
-267
-1426
11132
-3232
9748
-6975
10618
-64591
-29001
15668
24233
24282
3952
-14684
-5972
36187
17892
-7475
1328
-5817
-30425
21756
-16996
32632
436
-37579
-18060
1609
37699
21233
-8483
-17244
49281
-3501
11929
10899
-31404
42508
14647
8278
12708
9889
37991
-11215
-6789
8266
-4626
-18347
-3185
-28867
-37688
-47678
11309
-11019
13846
20872
54673
-3530
-11500
37531
31207
-502
17472
3230
12112
-2257
-12652
-13693
12834
29721
12119
11647
-12647
-16922
37872
3787
-12690
-4348
27590
-30820
63101
10153
14279
377
-25315
21301
32223
-9827
-11474
44778
-33898
-5866
-2836
-19549
-3026
16381
1545
-19139
3860
-3175
-11314
23359
-7018
44525
29167
-4804
-331
-12207
22749
-14838
61166
-6538
-25662
-23984
19139
17641
13826
7288
10949
6427
-10715
-8832
17013
27698
-25368
-13095
-12798
39519
690
33986
1166
-10869
-2026
8953
-19459
6226
19939
-8218
-23611
-12705
24707
7968
16229
26400
38724
20889
10463
-25436
-10094
-16195
-7455
-1438
22772
-6652
-29343
-11348
-10977
6222
7724
-5942
-7602
-3209
-23260
-30117
-12893
14731
8448
-11121
-19702
-3942
20784
3258
-7972
4311
11447
-21701
-7627
18711
3605
-13255
-17073
-32175
17185
-1973
57526
12715
4512
15047
-1819
11071
34725
-437
11714
10059
-41264
-24131
27254
-13137
9952
26685
-31223
-1474
-4831
-9283
-12209
-236
48364
-4453
581
-21409
15107
20910
-34657
9008
-13314
340
3675
-1949
16843
26911
12806
-13539
-28424
-15744
-23082
-5181
7695
-29199
8998
-38274
25758
-11264
23967
10319
12161
18241
12927
-23255
-28365
11301
-17680
6522
-21143
-27501
4862
18707
-1601
-6953
10364
-10243
-22919
33577
21771
9763
3836
41315
-2212
-9994
41389
34558
-41264
26325
25157
44516
-1116
-7582
-14900
11110
5290
-6166
-11049
-45012
13993
-16726
-3606
14577
-5860
-32179
-3697
11551
30974
7325
-8235
7416
9447
9896
31834
27184
3279
30647
-11276
-1798
27296
10115
18766
-23
7029
-4794
-646
12384
42318
2598
-36589
5053
24694
-5537
8698
25998
-19980
-2584
-32349
15826
-14768
-17863
-5214
16773
-25533
18754
2280
9436
14788
-10589
4577
-16691
13232
-6323
-17759
-15361
11498
8143
-5980
-21781
-18405
-19221
13651
14347
-1479
13580
24763
-2912
-6694
10568
-22338
22459
-246
25696
10874
-16535
-32810
25241
-32834
8832
-4667
-5426
16611
6884
8653
-61845
1033
42585
28267
-26879
-10508
25527
29640
8688
-18153
6432
26525
10132
8050
-26439
-31423
-19050
-10341
-18645
-20218
16832
29087
-23275
-22612
15551
-12623
17083
7546
-23315
20585
-30871
-9190
5979
13469
20929
9955
20416
16142
37145
-34865
8791
-21902
-16974
36461
-22205
15128
-10066
25998
-6633
47684
-29558
-33023
29835
-8074
-21887
3964
14708
16972
6794
-15930
-13270
-19959
27676
-35746
8939
-2405
-2296
-1666
-3000
-38916
1397
-21456
-178
17684
16412
-13845
10484
5372
-12895
-13309
9325
-7205
-5886
-1291
12340
7626
-55885
-16404
-9907
-9332
14533
3285
23321
-25256
3468
-21407
-9449
-3503
-11234
-31910
8102
5469
-44821
16548
14802
36467
5376
14071
-15366
8749
-24
-1925
-22459
-41438
38736
13420
-21525
24801
586
5219
6314
-12259
145
1171
15484
-11863
-22039
-14089
-24539
26591
18555
-13016
4755
12257
-23068
-15014
725
43535
-19060
12221
-41152
2141
5052
-3886
7853
-8158
16604
9280
8374
6200
-5031
7336
-7471
-10418
11025
687
-14721
4658
-351
26874
-10729
-40524
-47548
9867
-31394
-38041
-42041
-14478
52319
679
-33914
-35261
19200
2405
-12918
-29239
-758
-43458
56649
-42652
28354
46475
29733
45575
19894
-10540
-3099
-2448
18445
-28914
15117
5226
23887
3952
-26839
18860
6793
8257
-17735
-6912
6174
32699
-13645
22696
29265
-11682
13968
-22893
13001
14666
-3220
12149
-5232
-18933
-10254
39757
18569
-19469
-13931
-25872
11717
30620
-12808
-18052
-4974
-4984
42627
6331
38146
-3143
21693
-7818
28841
8868
2683
-26901
-11666
-21633
-18714
-12711
3707
21633
-1626
-25455
-14483
-22612
-1190
-5695
4047
39242
1765
43144
-1950
-9256
3293
13634
-25155
28727
45357
-14948
27762
24883
953
-7645
2527
-9558
-4126
12709
4799
-31857
-13095
-18557
-2133
3826
-15698
-18952
18126
-5978
-16316
-19273
-9441
-47933
-16649
-31298
-26242
-1626
-39602
-6946
15098
23041
-1473
27541
14181
24352
-17778
-11036
-6127
10434
4316
-15795
910
13027
-18442
35789
57091
14145
4078
3169
-23570
13664
46489
-12985
-26555
-1937
4792
10918
-12567
60619
23007
3030
-10396
-28308
-30980
-15498
2320
11479
11163
9327
18344
30897
22763
-2501
18117
-8451
1178
-1100
10202
-31170
-12014
26323
-3664
-3927
-11250
33127
11628
15607
-15068
-1019
-35792
-33091
23928
4682
17684
19319
-19680
23943
-28672
-14692
45228
18376
22108
-2919
-16323
-25036
-35998
-25951
-20721
-10448
-728
3676
6137
-11155
-33069
-15913
-14633
54878
-6192
-2929
5856
9112
-11639
-405
22992
-30623
-25519
-7164
6895
10900
-26490
1376
-4835
8582
-4661
30830
12983
27227
-5378
-5004
6278
-16702
2683
20454
33424
-44843
9371
-20139
8600
-7490
-12146
11790
6350
-20940
19309
-27281
-4969
-5842
-1075
-9373
18290
11537
16906
13827
-11891
21900
-27983
14897
44716
14878
-30132
-34386
-27860
14926
-22211
13806
-1017
37100
21376
-11084
-23223
2780
20276
26220
-13642
4094
23079
52883
3132
47760
9184
2466
-8321
20049
14490
-18129
27955
-12937
-6827
-46932
-6988
-24554
7443
-17140
22526
3353
25994
23132
-4922
-9631
12345
30252
-4920
18012
35079
-8841
-25961
53579
-25001
-9485
33405
-4874
-363
25063
14862
-25262
10824
-13481
2121
8830
27617
24144
-777
-17921
-8276
20170
-4054
33482
1192
-18733
-15325
9909
-18068
11965
-42944
-5370
-30489
-9386
-23997
-19589
11077
-47671
11799
19782
-14762
-5861
27667
21604
-11096
23048
16416
-22838
2176
-15723
-1857
-22543
1551
-7362
-18101
-15672
31412
-31028
61548
-37152
-21524
37863
-15633
-4934
20297
14964
4157
-18016
16256
-27364
18679
885
-27201
-19948
-31017
5788
28053
6105
40370
-22269
-34214
-12493
-32236
1899
12054
-9875
-12565
-23779
-20782
-9640
-17829
-1311
-13538
31233
1272
7961
25423
-26640
-8431
2588
-21800
-12929
14890
-12135
-3509
10768
10425
34351
12927
19767
1935
-16884
7608
27037
36879
-49281
9948
-14383
17887
9207
18268
9827
-15871
-11982
12626
-19862
4656
9176
14877
-4426
-10715
-31100
20223
44503
-884
-20454
8539
29158
-103
27900
-14530
7609
27049
12487
14564
-634
-32945
2426
22
16191
45556
10638
-32626
4759
16042
2554
-29504
6722
5296
-17625
-7130
-43920
30932
9168
-18723
34204
22805
8892
-2282
-44519
-7464
-9760
19442
-12502
8076
27698
4090
-8068
-27288
-22632
4828
5815
28477
-35289
-1814
-6940
6264
12751
-23750
-19260
-16621
1518
-29806
-23935
-56
-14354
23132
-25175
9231
16414
-14637
-20842
3205
26415
-19637
7103
5859
-4860
-28920
18918
-16404
23287
-30314
16391
-17585
-9344
-38394
45075
1075
-399
-20297
7641
29501
3020
-10911
20469
-17100
-15243
-21100
7414
4008
-11507
5844
-1979
27072
2149
-7887
8399
11196
29799
-25966
-92
2905
33976
787
11765
6735
-7866
-21095
8840
26239
1477
3218
20753
-7295
45152
-17376
-8266
-5881
-951
-14699
2905
-9433
40731
32816
17654
17477
25952
30674
7909
-32823
-29166
-5970
3833
-21640
4197
-5015
14414
6664
4837
-9819
21176
24794
31578
-14002
-29673
15636
-2585
-28541
10253
-16962
24806
36016
-3708
22103
9230
-3727
31201
-16938
3139
10860
28566
-18073
6465
-14439
-6563
-20182
11558
-18320
-7875
-9405
11465
-17002
16891
22335
29776
-44493
-8514
10591
-3671
12140
-26044
5386
-7632
-18080
-11908
3667
6776
3693
-12356
-28391
18348
887
-3414
-18353
5600
3044
-15671
24945
33863
-21833
-4501
21145
-26802
8393
-40544
-9158
-4233
-25455
27885
-19891
18356
6401
-18296
20714
-34119
9816
9965
21126
-35113
-47677
24027
-14060
9854
-26981
-37655
5807
18749
-4377
2462
-4551
-28518
-2864
-37118
67274
8863
-34627
-31719
3507
4496
19578
5709
-434
50224
8973
-6426
34708
44337
1614
-29865
-13657
-52
4484
8480
-30929
22815
-10822
25006
9495
13087
11161
3960
9455
-31868
16332
3713
-7878
-7325
21882
-50518
-19277
-14524
-28740
-1933
25908
-3803
15081
3181
-18271
-4319
-10698
-51432
-23445
-4599
-17031
-15141
9605
-11795
34356
12323
14359
12326
25635
653
33822
29361
3922
-18694
-15671
-20146
-14639
-1416
-11744
-8098
-7476
-6371
25402
-9951
33420
-6989
-32624
-1069
-2983
-4810
26173
27902
-21716
-611
-42308
10181
-21418
-12954
-7422
22440
-18609
26174
49626
21409
23005
15721
-14805
-2721
23149
-26310
-1290
26159
4690
-16430
8260
-3099
-19030
1116
13804
-15614
28453
-5066
-23406
-13482
-2515
18309
19409
21682
-4084
8231
7263
5608
-19034
-21935
-29205
7938
-13981
-19499
-17369
623
4637
23724
19501
-11310
4068
-42788
-54256
-15932
772
-19335
32738
-13560
834
-32219
2235
-3147
-28516
-36396
11287
-394
-17996
-10736
-17989
13493
39692
6164
-22295
-12749
23424
13882
-20550
35675
7723
29119
9306
-10462
3187
-21908
-4909
21030
16689
-9826
5792
29221
-44610
2582
-19436
-10484
24181
18373
32431
-43199
13649
-9451
-17133
14473
-14220
-6467
-17719
9866
7331
25202
-13723
-9809
-50926
4866
1005
13661
41701
-38749
-1922
14974
615
23971
10234
20726
-1030
22638
10694
13764
13225
28356
-28400
34091
-3535
-28949
-21138
16001
-15448
-26925
-6136
18164
-19060
-3974
-13274
7272
21987
-15910
-29016
-30755
-12331
30684
7336
18472
-18101
-287
12516
-11463
-49519
-16120
11691
-15944
-8569
12829
13502
-23356
-17230
13547
-8622
3989
-8666
-37629
30814
18118
-13941
4580
-15164
13891
-1826
35584
6256
18775
6306
-5234
18217
-17466
2628
-36958
17686
5676
-16285
14511
9886
-38238
38773
11092
3050
-1953
16518
-17300
-3086
-18685
18288
-12029
-12871
-39797
2268
29336
-43097
-12263
-33731
2938
557
15609
-36468
-27939
9479
-7470
-10546
-10464
-38171
-4990
-28522
22701
-9224
-22203
6789
2890
-14256
14681
-1655
16080
18332
102
40192
11221
17852
8390
5309
23308
18349
-637
-36525
-19548
-32785
11077
11444
31197
-12397
7038
1374
9260
-10922
21610
31897
-17759
20766
787
2346
9506
48887
21548
-2013
-30349
4741
15554
1879
-14310
7307
43001
17403
15002
7374
-32935
5413
31722
-19204
-5137
2538
32464
6107
-6654
2753
-19209
-11380
-26942
20575
7242
-7325
-26271
31395
4351
-39391
-2274
-20561
-10267
18580
9858
4207
-8878
-10670
33058
-5351
-34536
14452
15178
-27486
8451
-17819
2277
15371
-6143
2371
-12987
24568
11978
-32748
-43194
17598
-3579
-7911
25736
21819
-3757
-23021
1987
-25563
18994
-7491
12721
-32091
-4158
35316
-26836
-26264
5003
7384
4523
-20943
1507
9834
-8572
21027
6098
-65625
-16517
5362
29797
6598
-20725
24946
53193
39164
1918
-25212
42599
17483
25170
-14839
-6915
28445
13606
4244
-25253
-19535
-13768
23714
-11647
-14131
-35549
9613
-3401
14156
19618
44686
19091
7393
18499
4353
-9721
-2666
-8339
17246
14298
53211
25605
-10780
991
-2667
-6095
-5910
-12858
15139
-26708
-17989
-26044
8335
25475
46094
10863
-7267
-1875
-7014
12600
12704
-11695
-31105
7290
-10535
-16624
-29230
-3759
1936
29139
-2052
-1590
-30520
-10998
-12547
-21110
2467
-6674
-11764
-6909
27091
2816
-9252
-4665
-9395
19301
-13251
-2914
-25148
14364
21354
23925
667
15710
-2781
-4877
-56577
-16687
-11774
24763
22845
-4321
-26801
-12488
-964
-33573
35262
5764
14236
3517
-18647
26293
16850
15280
14559
43145
8074
-15276
-12985
23380
7172
-25804
1248
1652
-4027
45187
10992
21223
3543
-6546
24882
10191
-1615
26289
12889
-850
-7025
-7316
14187
-17858
37584
-2649
8164
-18913
20628
-9838
-15657
-7322
5877
-1321
150
-7721
366
14652
-18145
-40730
55940
4187
8596
-26030
-16356
-2094
-12123
-20867
9770
22809
-43457
-30249
25866
22577
-1191
27227
19821
3963
-6646
-5335
-5121
-48476
686
-2834
35781
-48635
7101
-3728
-9225
4852
-6694
-15141
25212
3954
-10096
1665
-6189
19192
-23085
4823
-2660
-26171
6665
22232
-3900
22141
-11779
10805
7078
14543
-47192
30757
26708
-50261
10133
-11943
19422
-4537
29123
-17749
11423
-6293
-6694
10069
-404
-5802
27894
20584
-15638
14899
30173
13700
11406
8961
-4141
-12473
-17308
-22329
-28256
-37427
1610
-3492
28191
7040
-5146
8687
-17362
7971
-6411
-6592
8901
-3379
-25898
33738
25078
-18720
3617
11889
-18403
-2202
6343
17647
-9894
-3133
-15776
-28690
-5953
-8160
31769
-2324
23744
17714
21519
-28367
32706
-13065
-27706
-5561
-11578
516
17615
-11
11957
14074
11053
442
9577
-2443
-10006
-988
7600
9125
-520
-17496
-5531
-12892
7697
-15984
25433
-9399
-38714
-28905
-30209
-15597
1453
39195
18655
-15232
30119
4119
27788
-6881
5429
-46723
14727
-6169
13838
2841
17123
50752
18951
-10930
-7444
-5456
13199
3997
22659
1387
3324
-36072
-37074
24316
7341
-36943
15001
-2569
-43439
-3141
24033
26796
-1834
-10646
18975
13829
12434
985
-11938
-17066
-11138
-6705
-924
-12869
1533
4942
30559
3367
-4099
20108
8152
34933
12181
8742
-16342
29545
41891
18752
-24155
12525
-5289
4395
12179
-16948
-4606
10386
42254
-8009
-2064
31711
-17565
-2514
-13215
-13252
4181
-42057
6009
-20709
-27328
8967
7663
-19387
-13084
37417
-21803
-18958
-43284
-15223
10907
31149
5205
31706
28484
10085
17470
14655
21437
12233
-35873
6149
-10465
-14901
-15563
-22854
-6113
8190
-23875
-9363
22214
38311
24291
-56977
-22988
-2665
10194
9233
-11373
-33450
18783
1891
18644
13781
-23604
26018
-8689
-38862
41463
11996
-24482
-6367
12754
11494
-15591
19438
-14019
-27358
594
21704
-30923
-21932
24723
1242
9154
20595
-51354
368
13919
10120
23431
-17832
-10804
10906
-9131
-27743
1931
-19679
21521
-5772
-18080
33969
-3544
9775
-10570
124
-13612
1375
13498
-2707
29910
4164
20841
24272
-9907
-17058
4287
9462
23465
-4556
6383
-34895
15599
11047
22427
-15396
-26136
2498
-32909
3346
-19964
-9898
-10946
-5571
-27208
10717
55493
-16455
-7897
12229
-6786
-10773
14736
6886
45102
35619
33362
-8266
-11080
-5469
-4991
12766
9081
281
-35606
11319
-22907
-25389
8324
1596
13061
-55834
20777
-5083
-17597
-31101
-44185
-2587
30570
-7284
-32141
5756
-10614
-6623
-24026
10931
19976
-17811
12390
30304
6537
-5527
-400
18305
-3473
-16285
20462
-5065
-4665
-17539
56428
1193
-32661
-20873
-23546
-10916
17328
-9986
-10710
-25996
-15472
-18488
21545
15430
6954
-21210
3154
25523
14139
4263
10172
3120
-819
-15461
19954
2540
853
16047
-3402
7311
44327
-12465
19821
2360
-19803
-5614
-5547
-2103
20560
30127
-19639
-21058
27283
16572
10380
-12308
42766
40874
13786
21995
26142
-3363
4033
-36400
14246
24517
-1934
39263
35997
22660
39437
-11776
-20673
-41781
-38013
-31324
-2653
22782
7984
19265
9920
6136
-1463
23425
4737
710
12755
-32801
10902
30212
-15394
-1514
-19910
29603
-16632
20227
26523
5478
41527
-4942
-3203
1100
8035
17109
14586
1738
39913
-15634
16026
8760
18263
-32001
-45500
-19482
4304
25422
-13474
12609
-27239
-21886
-7700
13793
11221
-8302
4096
-22089
-1854
5646
23741
8462
22505
-24973
3573
4261
-18852
3793
-26059
-5386
7434
9341
10161
-8276
-3695
22115
-14899
8968
8081
14403
15673
-5198
-29279
9386
25062
-6252
41593
-1837
12019
7816
10433
10244
-7876
-42088
10698
-14901
-5937
17348
-10524
958
529
7875
4023
28010
43463
8299
26588
19013
40682
-7208
34541
-11648
1507
7478
6111
-9675
-29856
-211
-3034
-29690
6569
-12918
6255
-1324
17080
32039
-35002
-22197
-36699
-15519
-20724
-26883
14699
30167
19306
1501
45401
24292
-11839
6702
-11468
550
-3215
-42619
33474
22296
15180
-18099
15705
-15108
29031
-16818
17926
-32584
-5055
49849
-28476
43576
15929
-6152
9982
-9816
15871
17060
10337
-4065
-19339
-10504
13851
40784
15809
1071
12285
-3858
29958
-2244
4270
28859
11309
2449
-25039
12504
-7996
-39288
-6031
-33066
-8432
-14714
2599
36036
1857
-18723
48791
-5473
-32173
-4605
10210
-15272
-9634
14755
8225
15556
-11966
9391
14138
26659
-20905
11926
24550
7806
7705
-30197
-23797
6291
10792
21495
-24194
2101
-18313
647
-14082
18826
-18578
-29070
46525
-4224
-7968
-17423
22684
6240
-28919
13288
6584
13993
-25798
10055
19475
-4370
-22059
3192
12610
-9900
8062
-196
-13140
-12025
-7134
-12136
3116
2588
42061
14655
-40350
4066
220
-5515
-27952
-33002
17891
9995
4996
4563
-5825
1756
15743
-7741
326
-16756
21429
33769
-32809
-22298
18584
-38780
-17166
4178
618
-2308
31812
10168
-16077
-6839
6454
-6626
-15024
17625
-16513
1357
-24824
32922
-15544
-6651
5889
-24612
8225
-17630
-23315
13725
-32230
7161
-10548
9668
-5106
1256
-8664
-38556
17103
-6555
-19490
-7826
-6113
-15185
-49183
2372
2948
-6901
-3707
3496
33977
21579
9979
1152
15184
-25663
30178
-17222
24398
-24388
-28323
4985
-4579
-23056
33415
-14201
2898
19699
20771
-33095
-19904
-24797
-17023
7272
2949
-12675
247
14393
30701
23344
3579
12634
-28083
2951
32471
-5244
4702
26490
-9222
2937
38986
39841
-16211
20248
-23506
-31020
16462
-14166
-5206
1119
27606
4249
-22529
18164
22273
-7643
-5990
23880
13306
25823
14760
-2883
-14609
-17228
17831
-15870
13499
-13529
-12477
-4517
-32894
-15739
7442
-29447
7012
-32976
42147
-2120
-10772
-20729
5776
3413
-12453
-27651
13422
13710
3778
-13997
-16147
32204
9920
19916
30118
16532
-24341
12341
-21102
-2523
38183
-5960
20620
5837
-20504
22350
16616
23584
-1211
11604
-9482
7741
-17824
-28878
-11740
-14908
10168
5368
-30182
-4173
15767
-6407
1691
-8362
33003
-33252
-15592
-26338
14321
-7299
-702
-10215
-5155
14592
165
16523
-13498
-41039
2812
27038
-30747
-30854
8645
10301
-10390
-20934
15048
10376
-8879
9681
17668
-4727
-12529
18637
-1008
14435
-17124
-19837
24856
-19985
-4913
-6605
-19791
15097
2759
-11239
19320
-14301
16264
-2537
-10043
6643
-13841
-15266
-2290
11680
10796
34317
-21284
5020
39350
-383
4334
-3791
5827
1135
33735
100
35327
23743
4050
1438
4691
20391
2298
-5859
37429
-6625
1770
-10139
-1841
-26388
21667
-2346
30293
8748
-18680
7949
26591
-31638
-26848
-22631
7722
-968
28445
-45175
29436
-10003
-8955
-6880
-23960
17060
45296
-23043
27954
-45998
-9828
-23056
21496
3360
29369
571
17410
-1623
30593
20485
11243
-32897
-12630
-12560
-5839
-4467
16057
-22768
-31034
5910
-1163
41274
15236
-1401
22931
35982
-7739
-20790
-24739
-8227
3333
-31358
-5013
7567
-19348
10699
8372
9152
28971
-5350
14568
-1829
-20009
-15872
2155
11480
-16430
3752
-24652
-30181
6049
-4580
22760
12183
13646
-11361
-15141
4760
-37813
-18267
-15475
10210
-5878
11793
-10737
-45310
12186
-6330
-43407
4751
969
-14825
45145
-16399
-3703
-9027
-7576
-13434
-31815
47885
-1607
-30208
-49644
28248
-4330
27791
635
34384
-49105
15525
-16049
-3253
17295
8084
6299
-2953
-6247
-37535
13958
10945
-8606
-5
-11545
-4373
10484
-40085
-453
14987
-22915
-41156
-8005
19249
-6008
-4666
-28488
22997
18595
-30498
-21457
-17081
5739
-12383
-19472
5315
-5424
-14289
37
6138
-15921
-6245
10795
-1767
-7733
-41692
-19069
11295
-8748
33137
-13133
-16541
23372
-9330
437
-27972
797
12451
-15139
2712
-10685
-7219
-6178
-16579
-674
4446
-7837
-40381
2849
-10583
-31649
12125
8399
1737
-32319
-22925
-22904
-29031
19715
-5828
-21085
-23715
2962
-30427
-7698
-38233
11602
20229
-17593
-16773
10430
23064
5140
34350
-21098
6936
15952
18215
-13413
26100
-19482
-34463
-11181
7454
7356
-17419
-6050
38836
-2648
25658
-3065
955
-18232
-43846
3712
17265
-4950
-31214
-2059
-29309
-31314
-7372
-25205
10876
20359
-5360
12273
-9364
22127
25332
-723
22851
12365
19382
-6338
-17212
-43632
14905
-6179
16103
-8590
-36855
10038
-14007
9993
-22216
25322
-9612
-9337
23653
-3498
11218
19927
23991
-19047
18647
30267
-17039
7692
12922
3132
20774
35178
-20968
-23933
3890
10868
14593
7093
-6630
8663
-9819
4664
-15774
-7270
-25491
-1167
-23592
-20003
-14473
6102
-6191
-6536
13741
18554
-11888
23422
-2920
33220
10201
34650
32134
-2667
-16040
11324
14250
-21338
-13901
18580
-6218
-29826
-24998
-16748
-11828
-32781
-34181
46806
-17738
32806
7621
3651
19918
-12047
18590
-4375
20585
17772
-7731
10438
-14633
18616
4168
15330
873
13493
16662
-8253
-4027
817
-40090
-17353
26912
-12049
-5291
2219
-17310
-20026
-7337
-22933
-2010
3250
1840
-17366
25484
35132
-2638
-17620
32007
-9495
17054
-8951
9027
8630
5237
13479
-8996
-15073
19295
-41166
15520
-24667
-18240
-2264
-27379
-13446
-5235
8701
-10946
1493
-5189
-13151
-19545
-40783
17639
-5873
-9630
16094
9944
-12538
-22158
-24992
-30750
-5395
24462
-4095
16265
-2166
14976
21538
13821
-10094
-15493
-5135
-5193
6744
-33987
-29861
21741
11420
21909
-17829
-36316
8876
-7123
-6981
-17426
22024
-32068
15895
3000
-23851
-4819
-11394
-3559
-10508
-18673
2446
23076
12235
-29473
-15912
14665
2437
-1700
-24171
-8567
36857
18558
6005
-46182
-8234
-8390
-12975
10649
-14836
-36504
21092
3776
17664
2437
2955
1266
15446
-21176
34736
-11176
11762
27732
32348
8327
-3728
7460
-20444
4266
-19593
-7342
-26788
33987
4737
25552
-12410
-241
20627
-6411
-2925
20504
-16272
16950
27903
-4517
-35598
-9619
12351
16153
23200
37974
35314
-50175
-9348
-8978
-29254
22502
-34749
-20507
10943
-22247
9318
1087
-13156
-2578
2716
-22198
-16031
2251
28419
-27006
6491
-7512
24765
-23855
-6347
13029
-22226
28413
-40656
-27484
7118
52179
-24999
-19860
-6129
-11619
14872
-347
24041
-49467
5991
9545
10161
29524
11410
12622
-21062
5027
-18693
15116
-461
-8761
-23738
8813
12595
6108
42326
522
3620
6816
17242
-8819
-36004
4687
3616
-34513
-2287
8940
-33450
5218
16353
10247
13370
-14133
5337
-25336
-15450
-30113
-7637
-28688
7437
-8585
-15549
-27153
-25321
1868
11072
6106
21928
5779
-21128
-5174
-75
15840
-265
2638
5377
-50874
-9126
33
-37882
49093
16826
-6002
-23385
10187
-1531
28095
-2557
-1278
4374
10040
2312
25907
-28646
-12603
18985
18201
22827
16258
-7816
1943
-10963
4597
-16762
23016
-22701
-46906
-626
-11151
7418
-40426
7166
-2091
1902
-5293
9798
-26760
-18968
-6127
9864
-103
15536
9397
13123
14674
8220
-26315
48076
-13347
-7672
40250
24520
-13698
-22086
-16233
-9702
9123
33618
-8991
1579
-3820
26986
-6151
-16412
9525
29136
-9105
-16355
-14208
7484
-36599
7608
-618
-10811
15740
-66288
-30584
-26249
7981
29723
20968
-24281
-13009
7876
-36146
24946
17434
-2668
17750
-10522
-37011
-35159
-21813
27448
3676
16264
14244
-8840
35344
15356
-18771
1132
-24291
-4328
17229
-31456
49407
-24281
13340
33857
17607
-22379
-32067
6747
-3923
12121
21009
-8208
-9789
3427
11705
34599
-10346
-19323
-5869
-17401
22182
-11603
34002
-629
-14496
-43580
844
7829
31387
21325
-27972
-11546
22117
-9722
27700
-14805
-11239
-7036
5705
-16593
22968
-4008
-37454
10920
9269
2804
1799
3958
-40515
-30190
31212
16336
3122
2269
27916
624
-15890
6580
780
12496
24602
760
28841
-20125
-24163
-6583
1977
6496
3491
25454
1155
-28838
33143
-1408
-34788
7213
29210
41093
-29585
-6428
34176
-2507
-7674
-16300
-3965
-24440
15992
15893
-20809
9077
-5218
13928
-16502
3444
67
-30893
11645
11649
3155
1584
-22447
34191
-10101
-22526
6566
13041
-9306
-22380
5901
-17696
6678
-22035
-4611
-12108
-37066
5317
-20646
2295
-6050
-11883
-28752
10002
14420
-49094
-4637
-16175
-19951
9043
-5294
43975
-7014
-2299
14808
-22286
-21851
-18959
1360
-19364
13576
26973
10017
28032
20129
-11367
-9221
19461
-1747
15391
7128
1421
-25955
19925
-26467
-48018
-27319
2985
19063
-8818
-614
7113
-12399
-351
-17421
11049
7324
-16118
1893
11387
15974
33833
6614
-44995
14342
3713
-11504
-15929
-15872
8828
352
12256
-2238
15174
21645
23834
20310
-26788
26753
-13341
-2057
-7636
-9086
-7558
5700
-17908
-971
-18546
-12972
-34450
-14647
-4125
52494
-4183
-21841
1407
-24640
9291
-24411
11114
120
-12479
-28671
-10194
-23123
2332
2454
-42540
-1557
-19637
56587
1926
-28936
36106
2270
6561
38113
9335
-7490
-7238
-672
-5833
35095
-4318
-1993
30127
-32089
-5345
-3066
10062
21249
15641
-8276
-10433
-17460
21954
-17344
12858
-9561
-940
1571
-6061
-19426
-1589
10702
12908
18756
-27845
-21247
-19516
20400
-1391
23330
-12843
-3131
13364
17181
-26093
-9535
-12573
-5047
-2629
18558
6932
7908
-4577
22866
13090
12472
3133
-14472
-13385
-16229
-6519
-13879
-7748
-13166
32973
16127
-3663
2034
51744
-26643
-31197
-21171
-10930
-22259
35090
-3413
18492
5489
-2420
11688
7882
-7956
-15488
54170
-3587
27989
-33743
-4357
-2101
-48161
14533
10944
9251
-16066
-4298
12741
-9728
-29244
17674
-20148
-6915
37364
-26082
-3373
25579
-25431
26862
41161
1797
14878
-11612
-19062
42619
-7689
-44567
-13334
10550
-19071
-10106
-3450
31807
-67
-13388
5549
-12722
-25178
-9863
-14053
-1124
546
-9577
-8285
10457
-32550
21477
-37235
-713
-9501
4657
-11446
22760
-31144
10667
5241
-15972
-4727
-34983
-1771
9971
2339
-4646
-171
-12876
-30116
17904
-4619
12566
36723
23028
35103
-6430
1255
-17534
2462
-616
-31122
-2881
4871
-21707
-12714
-27812
7830
6833
167
-19117
20885
-4435
-18763
-12954
3536
15770
15831
-15577
3798
33720
-13261
-28386
-17218
-20978
13775
8438
42509
13476
-37504
-11737
2108
-345
28299
32747
-23238
-17850
-11992
-18931
-4178
595
-46088
-22497
-1198
-40570
16022
3848
-13263
52952
-79
-31498
-13248
29322
1297
11415
2700
-1892
24478
35020
5447
10330
-25827
-6216
29581
14138
-26424
20353
1090
-14983
2860
10065
-599
8754
-3359
24042
-12445
-10396
8236
-3480
-18731
-2219
-12481
-571
6043
-7423
35638
12898
-14021
-24130
41210
6036
13626
-15710
-23206
24545
-33822
-5191
-9461
22882
-9263
-2870
4262
15177
-11973
-4725
1303
1727
18365
-7675
-6211
-1147
-54896
-19175
13091
-19194
32298
-29650
3457
-7748
-19901
-16395
30451
8341
-8414
-22220
-32851
7112
19842
-21355
-25006
29513
9459
-41915
35354
-13498
18237
21876
37504
9983
-4899
20081
1706
6957
11916
44021
24376
-2929
15832
-11763
-27567
-18314
-12124
-10425
-13895
-6994
33110
-9358
850
-1796
-4171
24772
-27931
-7086
20402
-1724
-27637
-29189
4382
6597
-1909
-4669
-2009
-24806
-33079
3766
-12636
15670
-23574
24809
4621
6024
-21607
-18627
-15981
-20038
23222
-8643
17942
-13811
26129
-16711
-9993
-31580
24688
34079
13668
-6162
249
2734
25710
1059
50931
24463
-6097
-13292
41773
12840
-12021
20436
12381
4092
30169
20788
-25523
-22409
-462
13205
-28982
-17224
-17592
-40780
-4422
15897
-42039
-17711
-3944
-9182
-26655
3569
-21349
-19532
-3527
-7282
-25645
-23573
2799
-8293
-16577
-31060
18853
-14066
-32562
-6647
-14154
2113
-5525
-5505
-25561
5779
20020
-19516
26768
-2904
-12702
-6003
-20882
-25000
17029
28531
-21494
223
30991
-6538
555
-383
3039
3334
21075
34526
-16716
-8208
-29861
-15153
30548
-39343
19107
-2010
-1911
-26351
-36154
-20108
36190
23966
-187
-2020
28392
-12635
-1126
-26270
4451
-39903
-36194
12459
8255
-16620
-5559
-4924
27927
-9098
4455
-23155
16307
6473
-15589
-16269
-480
-11314
22378
24614
-9189
32875
-4979
-4401
-6224
19474
-25315
-6974
1886
-37304
-40853
18793
-42611
8404
-11661
20813
14994
-4946
-7774
-892
-14368
-12691
-1658
9997
-30537
2525
40973
5322
9102
6326
-20629
4167
3399
5154
-24401
-14445
-14396
-30842
6516
-303
16699
-1894
17032
-11360
-5915
11847
2942
-8228
-39873
40550
3115
12516
-4601
-18518
-990
-45344
-51994
-23269
-14647
-6291
-24511
4416
-60443
-4198
-12370
25279
-3064
-2274
-6233
20252
-28453
-36506
53556
12206
17295
-16559
27478
5285
-14117
-14810
-19003
-7184
28114
-2792
15292
15287
10441
6671
12286
-11164
14588
-15789
-32471
-10720
1110
17314
-21835
8597
-7841
11250
-13604
16186
24985
-314
-9378
36797
-5052
-5511
-4820
-1999
13917
-20212
24081
31311
-11839
973
12055
-5493
-29324
-15794
15781
29074
-9486
33958
-39272
-4608
-5018
18676
8699
2616
1855
10610
7359
1199
-33186
-22974
-20835
25924
743
-12755
12596
34265
-18318
21720
12590
-43703
-1962
-3871
4578
-15345
15706
-21793
17133
8378
-452
-1272
-20259
9927
-223
-21096
-5951
25819
-2378
-60765
-2541
-21540
20450
-5460
36541
19019
-3460
-8203
-18757
6166
-987
-8030
-31844
8544
-10377
10759
24905
-11924
-22340
-13802
-8128
-18021
38865
-12328
-20901
20237
16486
9859
3783
4705
964
-25696
37590
20947
-18899
10939
16233
-6589
-37815
-28199
-17292
24144
-30881
-25286
-6899
10782
14883
12208
-7772
6574
10965
2708
9744
-1039
143
30727
-4688
-15188
-13245
-13233
1985
5796
-8846
18418
-52453
-22247
19584
1993
18050
1988
19469
9157
-13163
24994
12347
20341
-68449
-36781
-11794
-48308
29257
-13264
-5263
8620
17757
-14295
-17404
12839
-1662
-9070
32457
-27917
38725
16911
28901
15687
9593
-122
19245
30774
-34081
36526
17722
2190
-19278
24301
9094
-19366
-62472
44986
98
6819
-7303
-312
-3416
34793
-14386
-22070
-18913
-63565
19145
19635
-2309
4911
