-1085
-15020
-3225
6567
5762
2393
-25048
9315
-1343
-2586
6525
15104
-11386
2012
-12041
1206
-4135
5796
-3728
8039
-5398
-4900
4020
5298
9776
986
4702
18046
4977
-4837
-14308
-4198
3546
3087
4362
13844
-3072
-3303
-6323
10897
617
1531
-9542
3226
-22710
20949
-3813
-7050
-5787
9338
-12109
-5637
6014
-10981
1112
267
16300
1907
-26213
-1382
-14974
3191
-1941
3405
2875
2667
12266
-12610
4444
14427
7585
-3562
1249
13482
10935
-587
-1637
9094
-1803
882
8626
-3456
-8861
-8155
2172
1926
-2040
-492
7399
7879
237
5460
21999
-11079
-16534
20933
-15907
-9767
14803
-6810
2825
9954
6531
2148
-14306
-9897
2722
9071
-2289
-9543
-3261
-21405
-27151
-7798
-2045
-1654
10876
-4632
-20935
-4185
-13161
-1002
6333
-7679
10722
487
2116
12007
6995
10721
-5247
-10513
9832
10648
20982
7407
11178
-1465
-1745
4521
-11768
-11210
1107
-16926
13686
13885
-496
12371
-3772
543
-2913
-6494
-9416
10552
18691
2933
8748
-6364
-837
-4037
2814
22272
10194
-14860
-16820
9307
-944
1565
-5147
8124
-8111
-12901
-11771
17859
6603
10044
-13226
5961
-3065
-6013
-273
774
-21965
2470
-3270
17056
3952
2255
-1738
-2
4942
-13790
1561
10219
-5327
5905
-29004
-2740
6349
-4410
11671
-94
-5724
-1577
2203
19957
-5890
1077
-21777
-5704
-19996
-7592
5627
4442
-14501
-15923
13857
15498
7631
6770
-5086
21126
-15365
-5653
-3904
10756
18892
9686
-7763
-10097
-5958
14
-2672
-3233
-18705
7125
-1649
-2601
8198
143
197
4161
-27087
5286
-1545
-21801
3754
-1220
-9131
10818
1234
12210
-2015
-2832
13485
-6255
6169
-5701
-11281
1239
578
-20116
5988
-10536
-16143
-2921
4341
8451
-11397
-3632
2897
1928
3794
491
-13286
22528
-3138
-1494
-1031
-16636
5990
2547
13445
5210
2530
-5294
-3970
2474
-1179
-19809
-485
-18568
2351
4839
17686
10357
2891
15369
9789
-12704
-2581
10437
-1413
4070
15306
542
13561
2257
-580
8998
-18477
11682
10739
-22217
-9136
-2261
-4241
16260
13130
2610
12105
-2237
-5712
24577
906
-8268
-18043
1623
-17587
-10530
-11931
3707
9226
-1724
10890
6891
3862
-8083
-6259
7402
-8125
18273
1609
4805
8096
7977
-15809
-23499
6385
25257
-190
22962
-1355
-5397
1246
14089
21653
411
9317
-12938
13605
-5983
24
3038
-14999
413
-8113
-2166
-7093
-1940
-8616
-18155
14575
-9345
-4297
-18349
-6190
7110
1807
3621
2960
13458
-12183
11775
-1310
6598
-8742
2225
-3213
1136
-5885
578
5545
1022
14152
2002
11038
-7407
-9438
9730
-7543
-5765
575
-6746
2914
-13873
1549
-16221
9006
-4463
-92
8001
-6992
-12503
18602
-14480
-715
5197
7570
-1419
4310
-5495
-3818
-10076
12208
-12631
-10239
-7441
-602
-9610
-3418
-2689
2653
-7690
-17213
13534
-5634
-3353
-8671
-10005
-2586
6026
18132
-13438
-7557
-2209
-3182
-16054
-2537
-2662
2080
5041
14430
8392
-5659
5885
-8652
-2203
12479
2927
-10911
9339
12251
4229
14470
3852
11961
25228
-6808
12891
-3187
4099
136
3621
-4013
2865
5300
-1122
-6312
5967
10077
10433
-3830
-22607
-2925
1571
6788
14312
-11812
7943
2862
-4989
52
14833
3993
-10366
-14315
-7366
-7703
6948
-12139
12323
-10152
7840
3415
4475
-6370
-2847
4359
737
-12709
-8094
3000
2433
-1966
1964
-7748
5928
12834
717
-16144
734
-9075
9393
2792
481
-10306
2316
-6344
6061
3963
-37354
6927
-23338
8059
-11964
5429
14086
9380
-911
-4201
-8481
-14185
-15321
-1967
-11609
1859
10341
-11071
7426
1789
-17754
-10198
5350
-6884
-6109
1756
6841
-9420
-1064
16204
-16333
-10975
-5571
5581
9541
-1670
-1511
-2338
-3672
-11600
5929
-7425
-4532
-15888
-27068
5312
13497
4684
-4864
-4290
2121
-17925
-10814
257
6284
18485
-14968
7787
3545
-14692
-16647
-9105
-2048
688
5087
-16793
3149
-7120
-9108
-12623
-13055
7068
-112
-4248
-12322
-2825
1653
-2740
-9921
3967
18103
240
-5140
-821
-16783
11452
-2481
-6475
-1018
8999
-1767
-1203
-18342
-21025
-12407
5664
2188
3984
-923
679
9314
12291
12958
8613
21936
-361
752
-5995
15790
1850
9107
-30662
-7279
9509
9878
-834
852
8565
891
4099
8476
-2379
-9043
1614
-6582
-17697
-8011
7979
2152
-3127
18533
5551
4571
-799
-7195
2958
8247
10404
13462
-6892
-2623
-15198
-2013
9010
-2038
8412
-9597
-5096
-1200
2540
9479
2637
-13507
16914
-14101
3443
1524
13321
11485
-6013
-13985
5290
-10694
6087
21878
4276
2001
8716
-6821
7663
390
-2337
13771
4072
2533
-4902
26643
5856
-1055
11327
-12952
3512
-2680
-7916
9192
6882
6080
-15620
1899
-10232
-7310
-5527
-1855
10603
-6338
-6791
-26006
15856
-652
-4744
-18495
-1232
-119
-10571
4953
7227
-13830
5688
11159
-18807
8681
2037
-3238
3238
-7059
8318
-3510
-29259
-11057
-1364
-1944
3515
-8484
-5479
-1749
24096
16874
-1834
10016
-8558
3085
2634
2033
14379
2759
-313
-10621
-8437
-23882
-18233
1034
-3408
-4557
6698
14480
-11169
3824
-4189
-5158
6254
-9502
-15510
95
-4484
6742
-24364
8080
-7089
3975
-12804
-8494
2489
89
-6
-4599
13542
16992
-837
7327
-1908
6060
6850
-9201
-16343
-21234
-1035
17369
9394
11860
-16066
11233
6834
13076
10313
-790
8055
-6763
1432
-8435
8819
-10784
4987
12124
3878
-5504
-1518
11871
4101
3086
-3121
-17404
-6236
11672
758
-2151
10166
18650
4627
6419
-10272
-5937
-16302
-2361
-3136
-1666
5136
16507
-5983
-1723
-8626
3049
-3000
7125
-3971
4066
-680
7524
3533
-1482
21962
-8577
-1619
6063
-14158
-13061
-17696
-18475
21105
14559
-11089
-11833
7129
-14330
2778
20149
-24933
3179
-5951
2539
9018
-9295
6000
-637
-1337
-1993
-6567
-3020
518
10526
9946
9785
-10093
2764
-1736
-3835
4754
7657
908
7142
8380
-20724
727
-13470
-57
-4852
4403
2537
12
-1051
-1001
-3199
3447
-6572
-11461
-5888
1523
-8321
8804
-17608
9003
4782
-1848
-800
1749
10796
185
-3412
2368
-7430
1092
11293
-14574
-5878
9568
18603
-1181
1763
7150
-13908
-7488
-18577
6844
-2762
10127
-11956
-4993
-27252
4980
-1970
15193
-15316
3569
-7979
-3910
3895
1351
8493
-11454
2745
9148
-1039
-7765
-5491
-12962
-7149
7252
8198
1067
5845
-11295
6643
10498
-1566
10311
-13432
2623
-6105
-6808
-3981
-11792
-347
-17694
-28457
7406
-2623
3084
-3249
11066
-6568
-420
-6056
-571
-1520
-2285
6029
-5286
17529
2832
-2299
11018
-163
-5458
-11355
-2234
-5467
-12506
-1505
10430
4319
-2449
13147
753
-1345
-14481
12339
16057
-39
7000
8535
3955
-7595
-11602
8726
-9938
4701
2191
-4017
11094
-2575
-12005
19577
-2389
3242
574
-4157
14252
-6113
6312
3316
3365
-2542
6405
-4889
-8791
-17504
2850
2122
5797
12800
11667
7453
10091
-1614
673
-4868
-1138
-8511
-3263
-586
14626
-9526
1564
6329
10769
-6613
1909
-5710
14836
-7496
6646
12053
8874
-12062
6839
-5551
2876
-6403
-1577
878
-1166
-2565
-4711
-18673
-2495
7847
-8451
-906
8189
22329
7272
-9057
-2510
22748
-1848
4211
10992
-3493
5835
-466
13970
-14159
1126
624
-31425
8076
888
5220
-13309
6308
-4276
8620
-2465
3706
8837
2034
3734
-23032
-4712
10270
10425
-4374
-6986
-11342
-17531
-10509
-3960
15518
-47
-11362
-7531
4650
15571
-13695
2087
7984
-7702
-5388
3626
9894
-24448
14769
-1432
-25170
-9922
-6511
-1256
740
3353
-5290
-13179
7978
4466
-7853
20525
2132
9423
-4467
-11491
-16234
-10095
-7298
-5028
-2229
-12686
4822
1395
6445
15971
-11262
-9769
686
129
9296
-10
-1749
-2261
5537
-3364
2013
3484
-14845
10500
-4396
-26844
661
24346
29121
-7364
-4141
-8800
-9071
153
4339
4838
7521
13648
3519
-4344
-14009
7268
2506
-5919
-14097
1437
-23298
12204
7387
7383
2998
8244
-3159
4628
-9893
14924
-2335
8349
-5466
3191
-15077
-8163
-2931
6951
11882
2362
8844
3479
-716
3514
8722
-4431
-8155
7801
7173
8219
21754
6232
17145
2730
5154
-3315
-3760
-20491
4854
-3010
9160
-12641
-6401
2790
-13664
444
11328
4791
13220
538
870
1616
-120
2796
1176
1249
757
5198
4144
12919
5390
6850
-1282
-6382
9049
2077
2598
-5875
10933
-14903
-765
10323
9345
3943
621
5789
-5670
6743
-3285
-9931
-8212
5181
-9445
-86
8980
-3745
1723
6037
-734
8716
23716
7669
-7859
13139
-11102
4501
4378
533
-9279
-13173
5029
-8828
-12248
-8728
-5114
-7490
-20792
1543
-11980
-24637
-11625
5656
-10008
10821
-16891
1271
5763
8285
12026
-23
-3748
1403
6281
6413
5780
6682
15166
-10050
12777
14282
17861
2645
6470
-1295
4362
-12229
-16213
-1749
-9772
-8407
-4619
-2171
5813
3365
-2315
3444
-5712
449
-15796
-865
8514
-25265
9922
-9737
10476
15450
-800
8023
5167
1034
10541
2817
675
562
-9170
-8579
-3092
4697
-10242
-11866
5311
-12629
-694
10462
-15801
-803
4915
-8070
-10993
3022
-399
11587
4218
-3997
5865
10972
4327
21119
-21865
27746
-2925
-17745
46
-2514
7199
17085
3758
-7738
-11757
168
-18331
4392
11752
-2941
-22862
-114
-11136
-12496
18046
-5580
8850
5905
15635
-2119
8369
-24491
-14611
23676
2403
8653
-883
-10590
8183
840
6149
6351
-14666
-14048
-15755
17824
-22410
10950
-8807
-3831
-5590
16884
-6959
-14999
-19254
106
20464
4567
-3089
-19728
-475
8756
-10254
-6163
-10134
869
7636
-3310
12768
-4435
9717
-4306
-7514
-22116
2900
18240
-56
-8540
-23910
-3111
-10093
8609
-8272
-9008
-18560
12260
9763
-82
-820
-23601
962
-5912
-14796
-2655
-3088
-6006
-5597
-24282
-26924
-12159
14797
-9877
-15297
-15283
-11336
5260
5983
-1796
98
-353
26037
6462
7991
-369
-3815
-3407
-2472
-3356
2648
3005
262
9768
3595
-12955
-18427
8674
-6080
-5176
16169
-2849
-2653
-2731
-3837
5681
5129
1518
-1957
-3253
5746
5255
1482
-12306
7625
-12995
-4809
12150
-2992
9045
-4146
-464
9766
7216
9005
1860
-13884
-799
20229
1861
6215
11031
10993
-6498
9157
-8117
-6046
-8925
-11540
-13314
6530
11644
8650
-20153
1537
-8934
-5741
-5225
-3463
21760
-2776
3098
8253
-11938
-4756
7278
-16958
7964
187
5807
-4839
1184
-7801
10594
2118
-2148
12642
-1425
-21501
-9310
8825
-6766
8661
3606
-6339
-5279
-20104
871
1363
1803
6023
10368
10253
5845
5058
-2236
-21174
2530
7244
-18961
4382
4504
-2158
11471
-6309
1468
7171
9380
-6881
-12155
84
5358
4210
-3322
12221
-13512
-5930
4515
12190
12746
-2194
-1582
-4636
10685
10033
5113
-18068
-8754
5634
12620
19289
8369
-1491
-4728
5949
25815
8239
412
1034
-5466
-10059
23000
-185
-12445
2876
-1950
-8576
-20250
1279
4814
950
2870
4352
4731
-8864
-6574
3174
17809
4478
5304
-350
8174
-16138
-6008
18305
-4380
13487
-10484
-8818
-17795
-3368
25255
13345
12938
-2444
-6520
-14698
8188
-551
5833
16899
-15830
-9790
-8202
-3263
3628
-3852
2755
6130
-11278
-10148
-8709
20310
-11772
2860
577
4301
7483
-6001
5447
5
3158
-5082
-938
40243
-19
-8259
8884
6697
-5049
14105
13268
5665
-1461
8409
10342
5335
8076
-25958
-4882
26722
18050
-7059
-1046
15248
7064
-3904
6047
-12919
-6989
-4485
9619
8753
6977
-8906
-10214
-12508
-13183
-21303
-3355
21221
-15640
4169
984
-1430
12247
2680
-274
15272
-4001
-12626
-28979
3003
10630
6970
2596
12225
13774
-1814
-9170
-19704
-1976
-6098
-13956
-9099
-13261
-20208
-7859
-26627
-8918
-8981
-4106
4643
4741
1407
2743
3766
4146
6735
-19704
3047
7198
-6452
-7140
13960
-4724
8955
-4354
23831
-10613
-1573
-7234
-9756
8707
2700
-17416
-1287
-14606
-3555
5291
-5337
6236
-9541
-263
-162
4890
11357
1210
3371
7777
301
1970
3871
-13949
-2081
12271
-5333
-13872
38
-1045
-5467
-2172
460
-5435
6813
-17838
-18898
-25598
15529
3357
-14057
-11821
-982
12335
-14882
-2003
-10265
-2709
-5215
12839
-16796
12524
-4206
-4915
-10209
-5617
-4510
8350
-14055
12124
-104
-18965
11930
6006
3180
16644
-4749
-3368
-3116
4814
-14412
-14313
-5125
5895
-10961
4644
3264
10818
-1382
8124
709
-18114
-234
-11355
387
4415
-8814
-133
-4096
153
8907
20367
88
3094
-9457
-4377
-10010
-354
-13033
-10377
2797
-86
4791
9197
-3242
-23807
8359
3660
13071
13314
-6167
-3137
1999
17116
-1190
-16294
4612
-2029
-3593
-16109
-3785
3775
-26872
-2981
976
-7151
727
10234
5190
11088
24124
-9346
-13646
19659
-7812
-8862
442
346
-8438
-4872
8511
17747
11429
-8617
10962
20913
-661
-3705
-9349
-12088
5643
7471
14585
2554
6086
9150
-4025
687
4751
-9973
14263
-8450
-8608
-5715
4923
-9785
3572
3269
-6285
-5905
3178
7054
8781
11535
10198
-9705
-2423
10036
9940
147
-3320
229
-4472
4430
3942
7322
-2463
-2233
-2676
-14958
668
13059
-2442
6648
-5593
3885
4256
-5212
-7726
-2802
-4439
3925
-3552
1920
-10661
-8052
-15813
-159
-24609
7150
10845
-1733
7541
-737
-28889
2547
-512
-11151
3379
7978
2855
10383
-2103
19901
-17607
-352
-2961
6027
1059
16418
12783
3173
-15277
-2778
-163
-1700
-9530
8532
11564
-10202
687
1900
-25874
-1564
13431
6410
-284
-11002
5562
16854
8415
18674
-10575
-23420
13073
-6684
-50
4164
5365
3587
-13702
-2955
1216
-8903
1205
-16232
153
-9437
-630
5746
3461
-1963
13373
-10929
-8197
-6021
-2738
10770
-6775
7576
11416
1344
57
-4137
11797
-14532
-4062
207
-7108
-4943
2492
1335
10619
6781
2081
2292
4935
11096
-6296
2049
-1772
-4264
2836
-2461
976
4720
9276
-1565
7834
3208
-20493
1292
-11271
-7345
-15377
11325
-3041
1793
6492
2105
15996
4737
-1429
12885
8391
-6390
-8872
3160
-7062
1839
-2936
-12919
-959
6309
5014
-308
-3983
-2555
-3456
-3974
5532
-4043
-14448
3174
-17185
7972
4118
-11696
-1660
-1081
-1265
11595
11169
-13707
13726
-6085
-2366
778
14119
-15832
-4370
9235
4005
285
11719
-1973
-2134
9394
8725
-1202
-3097
-15841
2967
6350
-3492
-4836
-4484
-4784
-6942
-10860
5016
5346
-1374
3931
-1717
-15526
-21451
-9080
-23131
7886
-24028
-9087
3836
-9682
-13816
1349
-6498
11072
-6669
-8023
20523
43183
-5370
3742
3863
-4631
11701
-1739
-1639
8140
10552
-7931
-2326
2667
-10810
7129
-12279
-13174
16992
803
1239
-9885
-14497
-10753
-22588
-13430
5688
-24609
6439
5565
-6730
-9212
1500
7884
-14935
7741
-24342
3245
16462
-6110
-1445
7488
-7121
-2232
1453
-26174
20023
6410
-14437
-2390
3746
10321
7330
22972
19923
-12724
-12527
-5734
-1607
9813
-10487
-14160
1006
3099
353
1532
7752
-12945
-411
-2604
13515
1942
6020
-9214
4612
-3165
17717
24193
6279
3048
390
1238
8352
-8863
5003
-7659
-10060
-19529
2634
-1609
-1387
8656
-10993
2521
-7826
26566
180
14742
6438
5944
2972
10610
1090
-6127
-896
371
-5152
13353
-5836
12161
4048
7049
-457
11231
1406
722
-3130
11202
-945
26156
5750
-12709
12756
3323
6316
-7651
-1310
7880
18288
6148
-4398
-5058
17607
5985
1617
460
2485
-5385
9824
3998
-2725
-67
9445
-10585
590
-5819
-14296
4334
18703
4513
2385
-4124
1295
-20863
-18147
10633
-984
-16290
11415
5864
3241
3641
-6705
-13077
-13485
1880
-13593
13262
8901
7060
11140
410
-1991
-12951
8683
-8650
524
4559
2239
-9167
8493
-12175
15418
-1108
-5354
-1742
8821
6432
7143
-11100
-20480
-26493
5376
-7636
325
-5015
9000
1626
-3671
-5711
6383
-5745
13236
1937
-8883
-1927
-13540
-7376
21332
-5271
1134
-503
7356
17062
-1137
-9170
6983
-13379
-11390
-5998
591
8107
-2807
-4942
-4445
-4326
11638
-5129
12028
-12592
23979
-6312
-1115
16765
15833
5189
10214
-8330
-14204
16685
-22839
-5179
4840
15769
-3376
-7810
-2990
-2180
-12342
-859
-3568
777
299
-10484
-6367
12548
-23336
-2168
6501
8714
9641
6439
15841
12441
-14824
-21512
-24039
3043
4770
-9739
-7413
-8940
4241
-5212
-2067
1385
-3151
5616
4461
-2186
20518
6097
4275
4934
-2660
-6681
12650
-3922
-2149
-6941
-14700
9264
538
-10111
7832
-14634
-5888
5662
-2251
-3299
15032
6116
5928
6238
9830
344
-4112
-986
-7578
2118
-17672
11538
-2453
18496
1829
3420
-789
-24426
-7216
-10667
4317
-320
8693
-2127
9809
-5048
6312
-7103
8754
5087
5403
35150
1780
2289
-3123
13246
2074
349
-3496
-16990
14269
12504
15041
5979
-3765
-20384
4923
12491
5713
2916
13984
4912
-4075
3665
-10208
14261
-2312
-6631
-5432
10206
3206
8684
6308
6004
-5167
-21629
4970
2852
-1021
10320
-1632
-15583
14371
17651
5573
-15018
8653
-4342
-11558
-3319
14389
-7442
17993
6827
-1253
-11585
-7349
-3496
6178
344
3285
769
6521
615
-24369
6521
-18552
10954
-5247
1038
-3168
21759
-19689
-2308
16146
32335
13766
5063
-4031
-11500
-17624
14260
3033
-16096
14805
-2892
-934
-21722
3834
653
15806
-8649
-2278
2535
6444
5242
-8338
-3119
-1925
-9305
-6757
-3726
23322
9932
1606
2526
12712
7629
25136
1534
-18312
-958
-1738
-2312
-481
-10060
-7958
13260
-1067
6767
2404
2365
-5794
4340
5769
238
-108
16565
-4800
11487
11845
2698
11243
-6980
-6235
-7827
23062
-2286
-7221
-2047
7600
12233
8087
-40446
-3562
14695
-3648
9602
-5993
3417
-8601
9191
19469
-7703
-13
10576
-1998
6369
-4310
2039
-13455
-1148
-10714
7121
15378
18295
-3668
-24681
4093
12601
10681
-1239
-11947
12824
-13990
9787
406
12508
-8594
-9887
-15476
1499
-7991
4989
-665
15424
-1656
-11412
-6023
-16290
-9745
1340
-4269
404
-4985
-7536
-7089
-7129
1251
-94
19107
21352
8972
-2546
-8327
6065
-1815
117
8509
1652
-23452
8852
2721
6980
2260
-428
10277
-15873
5828
-335
-5806
-501
2829
-5334
7954
-3580
-11622
6682
-8202
2441
-13034
11517
24177
-10886
-13338
3623
-2821
11452
18162
173
-6241
5289
6127
-9964
10460
-4939
4491
-24075
-4227
7195
-157
12654
10456
10830
-1591
13256
-6206
5720
-1167
-1272
-3577
11847
-7882
14440
-443
-8485
1516
4879
4797
-1825
5598
13068
16504
14971
2809
-5219
-14997
-8253
3681
2011
10590
9467
21911
-4147
-16064
2302
-7084
-5417
-16314
-7986
-1499
-1673
-14476
-10200
-11600
-3496
1476
19566
5754
-6132
1571
3661
-2393
3819
-12197
10369
-23118
3940
-7371
9556
3845
19722
4380
-12775
-8775
306
9482
-3253
13013
2903
3647
-7941
-13241
-10951
-21969
-9168
-18309
-12497
13632
4775
-2136
-3976
1696
11663
3887
1792
4494
-4961
-4359
-23426
9484
-11778
3782
3727
7246
-10490
27065
4684
-14103
15742
18580
-7190
-1299
6314
6619
5172
22555
-5740
-324
-7311
6213
14133
-3639
-15967
1764
-3691
-9
6807
-521
-9394
11200
2704
-7410
12321
-5604
-4276
-6404
12455
-2090
6726
-6586
-4032
7802
2281
7209
5068
-136
-5170
4438
7001
5998
3920
-19159
-5155
3211
8343
-479
3036
4392
6154
-3473
-6459
3884
-2400
-10418
6660
23097
-14578
9951
14787
-6875
-729
-1069
-5084
987
-8444
-2279
1035
-1588
-3634
203
11067
11092
-7026
-18490
7067
-16781
4446
10543
7478
17023
-10416
-1542
3495
9978
-7394
10274
19862
6761
-10677
-18088
-7566
10602
7734
5758
507
-21278
-4078
-11786
-5434
-8338
12340
5812
-4882
632
-8921
2354
398
-594
-585
5597
5590
-3897
14260
-6663
5061
-1456
-22761
-15669
5737
-8728
-5772
-9947
9060
-14718
-4758
-15390
2515
6101
21669
-9621
-19277
5811
-12372
323
4584
11434
17998
-4272
-13676
2815
1065
-9593
1639
-1205
10080
14070
11243
10101
923
-3671
-3471
1581
-25891
2728
-4611
-1778
-8011
-9725
-5711
3557
-6641
-7299
-983
-1180
-20229
-7080
-1776
1700
4699
2788
8730
-6614
16616
4362
8997
2301
2386
7700
5453
-11697
-7488
23881
17576
4783
5198
2937
-106
11082
-12271
-21498
-16633
3052
-10183
13354
-7137
1133
-8611
2006
5290
1643
9592
-233
-566
-14063
2822
-4197
1250
10551
-20357
17224
11847
4370
2736
8941
-7876
-10185
4891
20431
13837
8348
-19820
-19160
1653
-7475
-4942
10682
3102
-4482
-2370
-2620
-15776
12428
9107
-650
-1323
4212
-23488
11515
-2946
2946
2962
16588
7930
1672
-12817
6775
-1903
-8645
-15129
-3448
7522
20617
-2089
-6259
-65
-4659
-5568
1846
-15393
-9831
3800
5607
13548
-5701
5348
8983
5612
14552
-715
-5399
-8919
-16281
-8768
-17568
2675
-5055
-6685
-8066
-10248
13372
6612
10843
7416
-3471
2559
7911
-15
8843
13103
-1592
4804
6787
-7666
12654
3368
-9258
8230
-8798
-2076
-8320
-3809
-3457
2526
-10707
-6750
-5469
5668
-19486
-2798
6014
-3717
10299
2172
1446
-15122
16402
3381
11861
2366
3517
10478
7111
7918
-12708
-22192
7633
-4565
11112
8615
-2114
-12382
8054
-7505
8209
-18041
-13663
17875
5696
5039
-3211
14648
1494
11710
-1181
-5411
-2094
-8704
-4088
12016
61
-4544
-17534
5157
-1433
-19711
11521
381
-3100
14312
14850
16174
-19681
-6272
12
-1095
-2892
9540
24512
-4500
6298
-4060
-3691
1331
12049
11944
1220
10699
-2261
17121
-15527
831
-9512
8925
-7401
6054
-7515
15804
-6543
-9426
-928
248
3619
17095
-19105
2852
-9880
14330
910
-153
-9091
-14557
-10292
999
-13767
7173
-20160
-3949
-2257
-6896
-6446
-9114
-14673
22465
11513
3655
13734
186
-5430
-19585
-1580
4339
9372
7543
-602
-2469
21011
15838
-4648
-1692
2090
14697
4262
3739
131
-3990
-2958
25440
-8572
18839
6409
3256
-13767
5359
12268
-2594
15654
-7846
-24519
-1279
-7275
-7384
-11497
8799
4711
7461
-1713
-5108
36877
-21625
2709
2336
17505
10021
6615
1287
83
-2665
-9741
10688
6703
-13957
2564
-7047
-10511
25035
-5246
10584
6206
11791
-11513
10112
4462
14180
2683
-1400
30458
5445
-7787
6692
6669
-9192
-8916
4339
819
11632
8144
5868
-5049
-7823
-662
-11784
1824
-9828
5139
2892
13529
-7608
1495
-3838
10606
15932
-7262
-11036
4282
454
7159
-5788
-7407
2635
19517
-2160
4854
12709
2969
2210
-6922
5164
821
16754
3189
7550
15203
-1570
-19386
19592
-1619
5539
7539
4958
17370
-21942
6714
7963
-7710
9670
-974
-8761
4848
8737
9095
-12401
3346
-15968
-697
6576
6808
-10082
3306
-12145
22602
-10372
-7431
5963
12804
-4420
10087
-11570
11214
26
-7657
13070
2989
-6806
-6114
9109
-5309
16858
6274
12693
25205
6220
10561
6750
8470
-3333
-9206
-5814
-11690
-4949
-637
140
-8571
-5354
-12737
-669
1658
4560
-3428
-5745
-8839
-3337
1993
-2530
1461
23152
6719
-11305
6679
-8393
-4017
4120
7547
1256
8165
-686
8439
-2396
-267
6190
15464
6712
339
5357
-881
-4000
-8292
-2340
-3449
6154
-1970
2850
5389
3503
3326
-1499
-5329
-19162
-1435
-21883
-6009
-5445
-4792
946
10813
14615
-9221
-8105
554
2305
-5193
6262
4143
13379
-19854
-13600
-11187
-7212
8221
-13479
-10418
-25420
23783
3694
-8000
7883
-3410
-9441
-19102
-15345
19316
2980
12583
-862
2809
6666
14912
20832
-12927
15160
-22465
-1450
-2092
-7804
10574
-4573
3631
3122
20272
-29054
-2302
-45
-10811
9195
-10699
-1927
1178
6100
-3859
-2182
-6207
13529
13864
6305
-5860
11497
-3930
466
6975
-4721
11853
-4977
23896
-1897
-6079
-921
-4189
8211
285
-17
-11308
-10240
9626
16857
3080
2038
2887
-4788
-2764
-3618
-11132
-10888
6212
7528
-1223
-6650
4344
-21095
-14635
-14895
22460
10016
-18484
10810
3429
1233
-185
808
6243
6317
-5590
-9746
8907
-14257
2526
-6910
16950
6187
15400
1415
18650
-6232
7332
8122
16685
-985
7944
4365
-4403
-2639
6931
-7954
-4392
4757
-13042
-5092
-17459
-8456
-12313
-6356
-8040
-11978
-5213
-19215
16624
13151
-6175
23546
-8553
-3707
-19067
-9443
8715
-12379
7289
-3682
2449
-11251
-13101
15971
-23224
-3494
-23129
-16875
-32753
-8771
15770
-4653
13907
13149
10358
-4696
7138
21291
-406
-9949
7629
-12644
-4465
-4536
5342
-3202
-7315
6732
1105
-7773
16391
18146
-2525
-6143
-8092
-11828
6261
-12358
-2612
-13988
-15186
8938
6637
-7261
15626
-1734
-10795
4324
-16488
20741
3009
-9778
-223
-3859
-4793
-30883
-11185
7810
11008
24047
2051
-2392
18418
-7314
-13718
4991
-6693
-2055
-6427
-1317
25364
1399
-7515
936
11422
-14150
-4771
5589
-3418
-11544
20933
-6732
11604
-2330
-4009
-10559
5817
2076
14767
12200
13711
1429
10230
-1380
-4589
-555
1573
247
19686
-2493
-2983
1241
-5843
10419
7867
2732
969
-15441
-3650
-14912
-3912
-1140
-2308
14292
-19598
-5453
-3356
-21191
6852
-2121
-878
-12637
-14761
4360
-3110
2235
7083
-762
5303
-6427
-2243
-3628
5291
10870
8309
21920
9737
-3247
-8145
2131
-13264
7994
5664
15535
-21200
18945
-11181
9560
7910
-724
12902
-3894
21622
-9708
-14463
-2394
9118
-1178
7075
27550
-4510
10063
12967
626
-10468
-10205
19146
13491
6152
13282
-9249
-9851
-1565
-5382
-10439
-20740
-3536
10726
18230
975
1437
6001
11878
-12249
-5812
-19128
7551
7347
-1718
-2848
-1620
-17836
4691
5117
10147
10908
-12445
10819
322
5700
-9311
4291
172
7108
-13822
6835
6047
-15680
-3065
9341
-3165
-16165
-14995
-4145
-1727
10305
8759
-392
1294
5396
7197
-1355
5824
7536
16046
-6641
12885
-3372
-2190
-5761
10725
-851
-1329
15062
4679
21117
-20906
-12573
-57
5279
-6915
-19752
6903
15200
-5211
-1238
19395
-67
-17529
10541
11047
-2963
18866
8537
3630
-4281
-4067
-28
-7667
-10194
-5724
-13267
-18045
9833
-3739
6587
-14622
15850
3580
-6652
1526
2579
-3791
1269
9995
2177
-953
-2710
14109
-2018
277
-6666
1396
-1714
-4668
10566
-2003
9114
4527
9940
5781
8225
3813
10511
-5002
17864
-6164
-4953
1987
-13427
8263
909
2955
-15254
-1657
14520
10551
-15467
2332
-11888
-1324
3437
-10271
2589
7434
9181
-8735
3992
16390
6934
-9747
10560
-9466
19350
-4523
4329
5661
-6571
-3127
-11584
-12069
-7652
-9909
-5294
-16025
14537
-7026
-12688
-10333
-4503
-2546
-2387
8044
-1827
4655
-4668
-10143
13397
-1627
-4108
-8178
25899
-4151
18306
4837
9855
14297
469
2362
4736
-6962
2868
15033
1486
7667
-629
-18358
-19454
17249
-15485
-4173
14576
3199
-11086
3645
329
-11130
-15886
-4298
883
19602
20794
-14121
18246
3147
-2513
-6900
3319
8070
2445
-8072
1818
-4399
-9485
-1329
9527
-19409
-1618
4598
5699
10096
9032
-13481
431
-8118
-2917
1082
-15625
12897
9244
-12248
15872
19594
6614
-13352
1343
5406
-7422
-13282
-9753
16701
-2293
1749
5400
-11578
5367
-252
7946
-3274
-4891
-2802
3691
6764
-20552
-362
-13460
-4546
-4092
-912
-9157
-3752
-5138
897
2710
-1122
-3673
-8103
-4166
1274
9103
-15113
9476
-488
-1599
-15421
-11203
10710
5010
12091
13868
17060
14245
-5594
-8350
-1612
-1140
-2594
-13692
15977
306
-13338
2573
-5007
1387
3428
4962
-9424
-9086
7351
1947
1003
1577
10350
1690
5742
869
5096
-6507
6410
15114
8795
-24830
18564
15716
6232
5921
-3332
-8490
883
11156
11079
-1430
3086
-997
-440
-6993
-2734
6234
7129
3929
17114
1012
-3465
-14975
10366
1554
-1637
3163
-15847
15281
-62
-171
1021
-8085
2405
-7189
12961
3616
-1164
-18280
-12116
-1228
7796
-7121
-7472
16401
4696
-3872
6570
4275
-2150
-15070
2248
8844
-8991
-4203
1179
5178
15257
-6059
12316
4016
-4636
827
-20310
15296
6793
-2920
2554
16112
6258
-10591
-4511
-8070
3361
14773
4885
-2397
17260
5355
2634
7701
9979
1063
-6339
3112
19587
-4667
-7624
14581
-8826
-7325
-12023
1097
-1353
3415
4580
6672
1928
10561
8369
7003
-4023
-809
-4043
-3067
-8195
-2996
-8784
7743
8125
-20794
6145
-7428
-18028
1507
-13672
-4924
-7061
12802
-12950
-5560
6316
-4261
6474
13350
2917
1364
14948
-15235
-11179
-16358
-10302
6909
-20324
-8246
-4058
-4399
-22280
12664
14548
10417
-629
4432
-12707
2644
7127
-11925
-9307
-3579
3214
-4146
-530
-15518
6255
-16097
-72
11899
-9139
-19089
8373
868
16035
-5520
-21854
-2899
3002
-5650
-13736
-10667
-10645
5096
-6443
-5773
-18557
-6859
-7427
3333
8962
-7200
26678
-2414
-2593
6597
12556
6883
-7677
10785
12462
9591
23318
22860
613
-14372
-8706
11262
-10956
-11350
-5665
-8286
-1489
-7702
-8462
-3023
-4944
2343
-4720
-8695
-6843
-3818
9083
10602
-3844
15671
11889
-8150
-11858
-21393
7724
9338
-8754
-396
-10289
-7129
10462
-2608
2659
-8406
-11521
29621
4906
1567
-3352
-4620
-6591
-13116
-5131
18814
-7921
-15414
-3314
6431
-18887
17635
5767
-1601
-7796
-4362
-6335
-1598
-12905
8834
8683
-3784
5713
17816
-5310
7338
14328
5277
-8509
2869
-15024
-4414
7542
5716
-2832
-3071
1374
-26074
-15066
4560
4942
9421
2690
-20765
5077
-2533
-17931
-6768
10955
-2935
-7867
3537
9937
-3126
2509
14635
-4690
-5648
4461
-19868
-2306
8212
-16854
2967
-12786
-3639
12520
17451
-6682
245
-11330
-10316
28594
2685
-10042
-10784
-806
1350
-5437
9593
14328
6544
5161
-8626
-3132
4946
6309
-2382
4781
10151
10338
768
264
2750
7269
9884
-4563
-2346
-4748
23482
-18788
375
-188
8139
-4806
15910
4377
-321
10069
-6240
6530
-10876
11209
16635
8536
9072
8169
-1628
-5063
-21
19642
17466
1338
-4242
12289
11729
-9579
-7514
968
-3925
20504
15321
-7283
3473
7716
9974
2534
42
7123
-17590
11245
4772
13679
-10997
684
8871
-18954
6955
-12056
-11849
-15239
-25610
-14085
471
-16560
822
-15175
15120
-2130
-1434
8937
7089
-20944
11178
-24185
-14315
7747
-8206
11978
-11192
-4971
-11078
-14002
-3272
761
15122
-2944
-3576
4379
6139
882
2423
-2376
-6494
-7767
4122
5771
1476
1950
4923
7203
12304
-3470
1633
13039
-8412
1319
-7452
12966
5042
3884
9591
3792
-7410
-13184
2215
5664
284
-14798
-13252
137
-2361
7241
-11405
-14686
21618
-2339
-12645
-4382
8285
-14954
-22216
14338
-4271
15528
-10384
12428
-13526
6832
-2982
6568
-389
-2539
-7654
-12689
-982
18889
-5728
-14506
-17268
-20037
9124
10614
-4540
-3642
3599
1600
-15957
4709
8490
-4243
5469
24119
20092
10001
3510
8275
859
-1779
18593
-5409
3397
-34790
7207
-10793
-8235
-4001
7333
-658
8076
4143
-10149
-8642
15486
-4855
-1948
-2816
6725
2471
585
859
8899
-3408
-9513
20380
-7927
-2415
-12069
-7020
6641
7720
-6772
-4003
-271
-1867
27622
-10579
10834
-4122
5910
7383
-3122
2170
-20114
15352
20563
10394
719
-2758
-1625
-708
14381
-15914
14412
9101
-522
-3445
5360
1985
-13957
-798
-14965
-12834
-17059
3119
3408
30126
-21394
-9180
19206
-56
-3799
-7913
3711
-5101
-10495
-10196
6154
4311
4446
-1367
-6026
4823
900
18807
12572
3482
-11151
1337
5267
-19235
6132
5100
-6052
-3957
7095
-14077
2937
5628
18419
6834
-3821
249
18295
2367
-8469
-6334
3110
2709
-132
-4560
-1216
4378
11777
-6281
-160
-10145
-2621
4666
-3884
5735
18526
7464
-6498
8381
6918
2785
25703
10041
4162
-6421
-1758
-3955
-32925
-14510
6972
-6130
-5820
15947
-10410
20774
-2419
11586
-2030
8088
6532
1754
7196
-7011
18702
-16648
-17813
1690
2008
-1906
-9572
-5035
-5504
12894
-16466
-13627
6671
2325
-4861
3708
-15777
15012
-3268
15281
12674
-8527
6659
5204
-24804
12187
-11665
13940
5145
2850
5523
11858
-4794
9188
17505
12252
-972
-5906
12756
-6590
19292
7124
-4749
-6845
-9178
2289
-10420
-1665
-2096
-1038
8498
-10349
12254
5269
-9567
7961
-12882
24872
2258
13344
-7447
14563
6033
18948
6575
-4849
-5724
-7199
2932
12714
8053
-1235
-22418
6560
1645
-12456
5041
7386
13519
-5673
6758
9541
-8774
-18126
-5002
11921
8429
5417
-5567
-1321
-2773
-9009
18493
-14264
-7751
28393
-88
18071
-4106
9053
-18156
7276
-28985
20123
650
16612
2136
7780
22024
-11298
-1423
-12542
-4964
4375
-11088
-9320
-15937
-7773
10757
-5635
12295
-9
13856
4293
-18669
-16667
6317
-6380
6567
-2026
3014
10725
1029
-11435
10915
4669
13479
7133
5579
-6826
2151
3167
2422
-12685
3400
-21053
10764
-584
-15493
8212
3082
1771
11228
7792
-4840
-346
2762
2259
8265
-1699
2857
11376
698
10914
-1532
5587
17846
-3462
5423
-4466
-1501
20305
17444
19925
9967
8651
-7215
-7227
3420
-4155
7810
-8550
-13976
-4894
-8157
5296
-7393
-18610
-4833
13909
12671
7056
-6128
8318
-1357
-6060
